(0, 0) -> 0.7123458394988903
(0, 1) -> 0.2527785362151247
(0, 2) -> 0.13029219231697456
(0, 3) -> 0.11240293991907954
(0, 4) -> 0.0665747867967598
(0, 5) -> 0.03712730023250354
(0, 6) -> 0.04180651264725316
(0, 7) -> 0.032550153507426974
(0, 8) -> 0.007766915976186449
(0, 11) -> 0.004128344185460908
(0, 12) -> 0.00401286404350893
(0, 13) -> 0.01588413949381442
(0, 14) -> 0.007938989951798146
(0, 15) -> 0.007937003509679514
(0, 16) -> 0.003968342511650918
(0, 17) -> 0.003968268124549789
(0, 18) -> 0.003968255993548251
(0, 19) -> 0.00396825422753557
(0, 20) -> 0.011904761934464905
(0, 23) -> 0.003968253968276896
(0, 24) -> 0.00793650793650962
(0, 25) -> 0.003968253968254079
(0, 26) -> 0.003968253968253975
(0, 28) -> 0.007936507936507936
(0, 29) -> 0.003968253968253968
(0, 30) -> 0.011904761904761904
(0, 31) -> 0.007936507936507936
(0, 33) -> 0.003968253968253968
(0, 34) -> 0.003968253968253968
(0, 36) -> 0.003968253968253968
(0, 38) -> 0.003968253968253968
(0, 39) -> 0.003968253968253968
(0, 49) -> 0.003968253968253968
(0, 54) -> 0.003968253968253968
(0, 58) -> 0.003968253968253968
(0, 63) -> 0.003968253968253968
(0, 74) -> 0.003968253968253968
(0, 90) -> 0.003968253968253968
(0, 99) -> 0.003968253968253968
(0, 121) -> 0.003968253968253968
(1, 0) -> 0.45298076013381083
(1, 1) -> 0.44579440923099767
(1, 2) -> 0.14648266850745073
(1, 3) -> 0.10732357483971447
(1, 4) -> 0.09467002489199788
(1, 5) -> 0.0464923795975829
(1, 7) -> 0.022073963031236498
(1, 8) -> 0.030465328674599147
(1, 9) -> 0.028143949470646
(1, 12) -> 0.026711276741921627
(1, 14) -> 0.013335815348623542
(1, 17) -> 0.013333347489629154
(1, 18) -> 0.013333335358627615
(1, 19) -> 0.013333333592614936
(1, 23) -> 0.01333333333335626
(1, 24) -> 0.013333333333335017
(1, 32) -> 0.013333333333333332
(1, 50) -> 0.013333333333333332
(1, 86) -> 0.013333333333333332
(1, 88) -> 0.013333333333333332
(1, 90) -> 0.013333333333333332
(2, 0) -> 0.26631409346714424
(2, 1) -> 0.4924610758976644
(2, 2) -> 0.1731493351741174
(2, 3) -> 0.1806569081730478
(2, 5) -> 0.09982571293091624
(2, 6) -> 0.05133032217106269
(2, 8) -> 0.037131995341265815
(2, 12) -> 0.033377943408588295
(2, 14) -> 0.033335815348623545
(2, 27) -> 0.03333333333333333
(2, 32) -> 0.03333333333333333
(2, 66) -> 0.03333333333333333
(2, 120) -> 0.03333333333333333
(3, 0) -> 0.33810896526201606
(3, 1) -> 0.2283585117951003
(3, 2) -> 0.31161087363565587
(3, 3) -> 0.1319389594550991
(3, 4) -> 0.10595207617404917
(3, 5) -> 0.05880007190527521
(3, 6) -> 0.043638014478755
(3, 9) -> 0.05275933408603062
(3, 11) -> 0.05144214149925822
(3, 13) -> 0.025652149261824186
(3, 16) -> 0.02564111418442259
(3, 19) -> 0.025641025900307243
(3, 31) -> 0.02564102564102564
(3, 39) -> 0.02564102564102564
(3, 49) -> 0.02564102564102564
(3, 70) -> 0.02564102564102564
(3, 97) -> 0.05128205128205128
(4, 0) -> 0.3996474268004776
(4, 1) -> 0.2924610758976644
(4, 2) -> 0.13981600184078408
(4, 3) -> 0.14732357483971448
(4, 4) -> 0.25467002489199786
(4, 5) -> 0.13315904626424957
(4, 7) -> 0.0420739630312365
(4, 9) -> 0.068143949470646
(4, 14) -> 0.033335815348623545
(4, 37) -> 0.03333333333333333
(5, 0) -> 0.3181659453189961
(5, 1) -> 0.19986848330507181
(5, 2) -> 0.2546308166555989
(5, 3) -> 0.265842093358233
(5, 4) -> 0.16578113600310898
(5, 5) -> 0.14427015737536067
(5, 6) -> 0.055034025874766385
(5, 8) -> 0.04083569904496952
(5, 9) -> 0.03851431984101637
(5, 48) -> 0.037037037037037035
(5, 87) -> 0.037037037037037035
(6, 0) -> 0.22821885537190614
(6, 1) -> 0.3162705997071882
(6, 2) -> 0.15410171612649837
(6, 3) -> 0.2711330986492383
(6, 7) -> 0.05635967731695078
(6, 9) -> 0.14433442566112217
(6, 10) -> 0.04813314061781132
(6, 17) -> 0.04761906177534344
(6, 20) -> 0.04761904764875062
(6, 21) -> 0.04761904762209252
(6, 45) -> 0.047619047619047616
(6, 91) -> 0.047619047619047616
(7, 1) -> 0.32579440923099773
(7, 2) -> 0.3731493351741174
(7, 3) -> 0.14732357483971448
(7, 6) -> 0.15133032217106268
(7, 7) -> 0.14207396303123648
(7, 13) -> 0.0666777902874652
(7, 16) -> 0.06666675521006361
(7, 33) -> 0.06666666666666667
(8, 1) -> 0.23690552034210885
(8, 2) -> 0.21759377961856186
(8, 4) -> 0.16578113600310898
(8, 6) -> 0.12910809994884045
(8, 8) -> 0.4482431064523769
(8, 11) -> 0.11127120132831804
(9, 0) -> 0.46631409346714425
(9, 1) -> 0.29246107589766446
(9, 2) -> 0.27314933517411744
(9, 3) -> 0.24732357483971448
(9, 5) -> 0.1164923795975829
(9, 10) -> 0.08384742633209705
(10, 2) -> 0.27314933517411744
(10, 3) -> 0.4139902415063812
(10, 4) -> 0.22133669155866456
(10, 5) -> 0.19982571293091625
(10, 9) -> 0.168143949470646
(11, 0) -> 0.6329807601338109
(11, 6) -> 0.18466365550439603
(11, 34) -> 0.16666666666666669
(11, 73) -> 0.16666666666666669
(12, 1) -> 0.4591277425643311
(12, 2) -> 0.27314933517411744
(12, 15) -> 0.5000004955731716
(13, 0) -> 0.46631409346714425
(13, 4) -> 0.3880033582253313
(13, 30) -> 0.33333333333333337
(14, 0) -> 0.3829807601338109
(14, 2) -> 0.35648266850745075
(14, 4) -> 0.13800335822533122
(14, 8) -> 0.08713199534126582
(14, 10) -> 0.08384742633209705
(14, 18) -> 0.25000000202529427
(16, 0) -> 0.24409187124492202
(16, 1) -> 0.3480166314532199
(16, 2) -> 0.21759377961856186
(16, 4) -> 0.16578113600310898
(16, 11) -> 0.11127120132831804
(16, 13) -> 0.11112223473190964
(16, 15) -> 0.11111160668428269
(16, 27) -> 0.1111111111111111
(17, 0) -> 0.24409187124492202
(17, 7) -> 0.11985174080901427
(17, 8) -> 0.22602088423015468
(17, 10) -> 0.11162520410987481
(17, 12) -> 0.11115572118636606
(17, 14) -> 0.11111359312640132
(17, 17) -> 0.11111112526740692
(17, 20) -> 0.11111111114081411
(18, 0) -> 0.3996474268004776
(18, 1) -> 0.19246107589766442
(18, 2) -> 0.1731493351741174
(18, 3) -> 0.14732357483971448
(18, 4) -> 0.1880033582253312
(18, 6) -> 0.08466365550439602
(18, 8) -> 0.07046532867459915
(18, 12) -> 0.1333779434085883
(18, 14) -> 0.06666914868195688
(18, 18) -> 0.06666666869196095
(19, 0) -> 0.21631409346714425
(19, 1) -> 0.5424610758976645
(19, 3) -> 0.16399024150638114
(19, 14) -> 0.08333581534862355
(19, 15) -> 0.08333382890650493
(19, 17) -> 0.08333334748962916
(19, 21) -> 0.16666666666971158
(20, 20) -> 0.3333333333630364
(20, 22) -> 0.3333333333336127
(20, 23) -> 0.3333333333333563
(21, 0) -> 0.5329807601338109
(21, 1) -> 0.32579440923099773
(21, 2) -> 0.1731493351741174
(21, 3) -> 0.14732357483971448
(21, 9) -> 0.068143949470646
(21, 24) -> 0.13333333333333502
(21, 45) -> 0.06666666666666667
(22, 0) -> 0.3329807601338109
(22, 1) -> 0.4591277425643311
(22, 2) -> 0.1731493351741174
(22, 6) -> 0.08466365550439602
(22, 10) -> 0.06718075966543037
(22, 25) -> 0.06666666666666678
(22, 35) -> 0.06666666666666667
(22, 88) -> 0.06666666666666667
(22, 156) -> 0.06666666666666667
(23, 0) -> 0.732980760133811
(23, 1) -> 0.3591277425643311
(23, 2) -> 0.1731493351741174
(23, 3) -> 0.14732357483971448
(23, 4) -> 0.08800335822533122
(24, 0) -> 0.3329807601338109
(24, 2) -> 0.1731493351741174
(24, 5) -> 0.1664923795975829
(24, 9) -> 0.068143949470646
(24, 18) -> 0.06666666869196095
(24, 19) -> 0.06666666692594826
(24, 21) -> 0.06666666666971158
(24, 23) -> 0.2000000000000229
(24, 25) -> 0.06666666666666678
(24, 28) -> 0.06666666666666667
(25, 0) -> 0.2996474268004776
(25, 1) -> 0.3757944092309977
(25, 4) -> 0.13800335822533122
(25, 5) -> 0.1164923795975829
(25, 7) -> 0.09207396303123651
(25, 14) -> 0.08333581534862355
(25, 15) -> 0.08333382890650493
(25, 18) -> 0.08333333535862762
(25, 23) -> 0.08333333333335627
(26, 6) -> 0.12910809994884045
(26, 7) -> 0.11985174080901427
(26, 16) -> 0.11111119965450805
(26, 18) -> 0.2222222242475165
(26, 19) -> 0.2222222224815038
(26, 20) -> 0.11111111114081411
(26, 85) -> 0.1111111111111111
(27, 0) -> 0.6329807601338109
(27, 2) -> 0.6064826685074507
(28, 15) -> 0.3333338289065049
(28, 20) -> 0.16666666669636968
(28, 22) -> 0.3333333333336127
(28, 75) -> 0.16666666666666669
(29, 0) -> 0.26631409346714424
(29, 4) -> 0.25467002489199786
(29, 7) -> 0.07540729636456983
(29, 8) -> 0.07046532867459915
(29, 13) -> 0.0666777902874652
(29, 15) -> 0.06666716223983825
(29, 28) -> 0.06666666666666667
(29, 34) -> 0.06666666666666667
(29, 36) -> 0.13333333333333333
(29, 72) -> 0.06666666666666667
(29, 75) -> 0.06666666666666667
(30, 0) -> 0.7996474268004774
(30, 1) -> 0.3480166314532199
(30, 6) -> 0.12910809994884045
(31, 11) -> 0.3334934235505403
(31, 41) -> 0.33333333333333337
(31, 42) -> 0.16666666666666669
(31, 46) -> 0.16666666666666669
(32, 3) -> 0.24732357483971448
(32, 4) -> 0.3880033582253313
(32, 5) -> 0.19982571293091625
(32, 21) -> 0.16666666666971158
(32, 22) -> 0.166666666666946
(33, 0) -> 0.38566893217682163
(33, 1) -> 0.34622451675787946
(33, 2) -> 0.19967263266515684
(33, 3) -> 0.14338092250996537
(33, 4) -> 0.11560192453357494
(33, 5) -> 0.07796191364776212
(33, 6) -> 0.050255053353858395
(33, 7) -> 0.03383023543267019
(33, 8) -> 0.037848841219402025
(33, 9) -> 0.02656688853874636
(33, 10) -> 0.02201946934284972
(33, 11) -> 0.012704893084590453
(33, 12) -> 0.010797298247297972
(33, 14) -> 0.008963055491992718
(33, 15) -> 0.01254529844055509
(33, 16) -> 0.00896066202009946
(33, 17) -> 0.012544817023679334
(33, 18) -> 0.00716846080665629
(33, 19) -> 0.005376344345303107
(33, 20) -> 0.005376344115724505
(33, 24) -> 0.0035842293906826876
(33, 25) -> 0.00896057347670262
(33, 26) -> 0.005376344086021512
(33, 27) -> 0.0017921146953405022
(33, 28) -> 0.0035842293906810036
(33, 30) -> 0.005376344086021505
(33, 33) -> 0.005376344086021505
(33, 36) -> 0.0035842293906810036
(33, 59) -> 0.0017921146953405018
(33, 64) -> 0.0017921146953405018
(33, 158) -> 0.0017921146953405018
(34, 0) -> 0.3329807601338109
(34, 1) -> 0.19246107589766442
(34, 3) -> 0.14732357483971448
(34, 6) -> 0.21799698883772933
(34, 25) -> 0.06666666666666678
(34, 26) -> 0.06666666666666667
(34, 35) -> 0.06666666666666667
(34, 42) -> 0.06666666666666667
(34, 82) -> 0.06666666666666667
(34, 116) -> 0.06666666666666667
(34, 126) -> 0.06666666666666667
(35, 0) -> 0.2996474268004776
(35, 1) -> 0.29246107589766446
(35, 4) -> 0.22133669155866456
(35, 5) -> 0.19982571293091625
(35, 37) -> 0.16666666666666669
(35, 39) -> 0.16666666666666669
(36, 0) -> 0.6329807601338109
(36, 1) -> 0.29246107589766446
(36, 26) -> 0.16666666666666669
(36, 50) -> 0.16666666666666669
(37, 10) -> 0.1671807596654304
(37, 14) -> 0.1666691486819569
(37, 15) -> 0.16666716223983827
(37, 17) -> 0.16666668082296252
(37, 25) -> 0.1666666666666668
(37, 30) -> 0.16666666666666669
(39, 18) -> 0.33333333535862764
(39, 22) -> 0.3333333333336127
(39, 33) -> 0.33333333333333337
(40, 0) -> 0.46631409346714425
(40, 1) -> 0.29246107589766446
(40, 7) -> 0.34207396303123655
(40, 9) -> 0.168143949470646
(41, 4) -> 0.22133669155866456
(41, 13) -> 0.16667779028746524
(41, 16) -> 0.16666675521006363
(41, 20) -> 0.16666666669636968
(41, 21) -> 0.16666666666971158
(41, 22) -> 0.166666666666946
(43, 0) -> 0.3552029823560331
(43, 2) -> 0.21759377961856186
(43, 8) -> 0.11490977311904359
(43, 16) -> 0.11111119965450805
(43, 18) -> 0.11111111313640538
(43, 21) -> 0.11111111111415602
(43, 29) -> 0.1111111111111111
(43, 41) -> 0.1111111111111111
(47, 16) -> 0.3333334218767303
(47, 26) -> 0.33333333333333337
(47, 43) -> 0.33333333333333337
(49, 0) -> 0.46631409346714425
(49, 5) -> 0.19982571293091625
(49, 27) -> 0.16666666666666669
(49, 36) -> 0.16666666666666669
(49, 43) -> 0.16666666666666669
(51, 0) -> 1.1329807601338109
(54, 0) -> 0.46631409346714425
(54, 1) -> 0.29246107589766446
(54, 8) -> 0.17046532867459915
(54, 24) -> 0.16666666666666838
(54, 82) -> 0.16666666666666669
(59, 16) -> 0.16666675521006363
(59, 30) -> 0.16666666666666669
(59, 32) -> 0.33333333333333337
(59, 33) -> 0.16666666666666669
(59, 75) -> 0.16666666666666669
(61, 1) -> 1.1257944092309977
(62, 0) -> 0.46631409346714425
(62, 28) -> 0.6666666666666667
(63, 10) -> 0.1671807596654304
(63, 11) -> 0.3334934235505403
(63, 74) -> 0.16666666666666669
(63, 75) -> 0.16666666666666669
(63, 77) -> 0.16666666666666669
(64, 1) -> 0.4591277425643311
(64, 10) -> 0.3338474263320971
(64, 15) -> 0.3333338289065049
(65, 16) -> 0.3333334218767303
(65, 32) -> 0.33333333333333337
(65, 49) -> 0.33333333333333337
(70, 32) -> 0.33333333333333337
(70, 39) -> 0.33333333333333337
(70, 40) -> 0.33333333333333337
(73, 3) -> 0.7473235748397146
(73, 217) -> 0.33333333333333337
(83, 28) -> 0.33333333333333337
(83, 29) -> 0.33333333333333337
(83, 123) -> 0.33333333333333337
(84, 28) -> 0.33333333333333337
(84, 40) -> 0.33333333333333337
(84, 46) -> 0.33333333333333337
(88, 56) -> 0.6666666666666667
(88, 64) -> 0.33333333333333337
(90, 0) -> 0.2996474268004776
(90, 16) -> 0.16666675521006363
(90, 33) -> 0.16666666666666669
(90, 34) -> 0.33333333333333337
(90, 71) -> 0.16666666666666669
(91, 0) -> 0.46631409346714425
(91, 7) -> 0.34207396303123655
(91, 40) -> 0.33333333333333337
(95, 50) -> 0.33333333333333337
(95, 53) -> 0.33333333333333337
(95, 113) -> 0.33333333333333337
(96, 0) -> 0.2996474268004776
(96, 21) -> 0.16666666666971158
(96, 22) -> 0.166666666666946
(96, 31) -> 0.16666666666666669
(96, 56) -> 0.16666666666666669
(96, 59) -> 0.16666666666666669
(97, 5) -> 0.36649237959758296
(97, 6) -> 0.35133032217106275
(97, 14) -> 0.33333581534862355
(100, 0) -> 1.1329807601338109
(103, 4) -> 0.3880033582253313
(103, 59) -> 0.33333333333333337
(103, 67) -> 0.33333333333333337
(104, 0) -> 0.2996474268004776
(104, 31) -> 0.16666666666666669
(104, 32) -> 0.16666666666666669
(104, 33) -> 0.16666666666666669
(104, 87) -> 0.16666666666666669
(104, 89) -> 0.16666666666666669
(106, 0) -> 0.7996474268004776
(106, 1) -> 0.4591277425643311
(108, 0) -> 0.46631409346714425
(108, 5) -> 0.19982571293091625
(108, 28) -> 0.33333333333333337
(108, 54) -> 0.16666666666666669
(109, 16) -> 0.3333334218767303
(109, 37) -> 0.33333333333333337
(109, 62) -> 0.33333333333333337
(112, 117) -> 0.6666666666666667
(112, 118) -> 0.33333333333333337
(113, 0) -> 0.46631409346714425
(113, 1) -> 0.4591277425643311
(113, 3) -> 0.4139902415063812
(117, 28) -> 0.33333333333333337
(117, 29) -> 0.6666666666666667
(126, 47) -> 0.6666666666666667
(126, 61) -> 0.33333333333333337
(137, 1) -> 0.4591277425643311
(137, 12) -> 0.33337794340858834
(137, 27) -> 0.33333333333333337
(140, 94) -> 0.33333333333333337
(140, 131) -> 0.6666666666666667
(141, 44) -> 0.33333333333333337
(141, 48) -> 0.6666666666666667
(146, 23) -> 0.3333333333333563
(146, 50) -> 0.33333333333333337
(146, 61) -> 0.33333333333333337
(147, 42) -> 0.33333333333333337
(147, 53) -> 0.33333333333333337
(147, 75) -> 0.33333333333333337
(149, 41) -> 0.33333333333333337
(149, 73) -> 0.33333333333333337
(149, 158) -> 0.33333333333333337
(160, 29) -> 0.33333333333333337
(160, 73) -> 0.33333333333333337
(160, 74) -> 0.33333333333333337
(161, 3) -> 0.4139902415063812
(161, 33) -> 0.33333333333333337
(161, 43) -> 0.33333333333333337
(165, 194) -> 0.33333333333333337
(165, 220) -> 0.33333333333333337
(165, 257) -> 0.33333333333333337
(250, 49) -> 0.33333333333333337
(250, 64) -> 0.33333333333333337
(250, 82) -> 0.33333333333333337
