(0, 0) -> 0.44819570159069305
(0, 1) -> 0.27528942734315626
(0, 2) -> 0.07182502850379409
(0, 3) -> 0.04345278010471648
(0, 4) -> 0.04102106125244511
(0, 5) -> 0.034022671376865626
(0, 6) -> 0.02697899529280022
(0, 7) -> 0.022151847854321473
(0, 8) -> 0.027453055037765038
(0, 9) -> 0.024806009140031553
(0, 10) -> 0.019863153343864695
(0, 12) -> 0.018921117150239704
(0, 13) -> 0.018408504989045435
(0, 14) -> 0.024652244690936936
(0, 15) -> 0.018446702116214797
(0, 16) -> 0.015614521140898998
(0, 17) -> 0.0172890748150244
(0, 18) -> 0.018953980009062038
(0, 19) -> 0.01609278333193403
(0, 20) -> 0.013228479728782029
(0, 21) -> 0.017143824548335948
(0, 22) -> 0.012022552354452388
(0, 23) -> 0.011426756938823597
(0, 24) -> 0.014229076760460084
(0, 25) -> 0.010262397772275956
(0, 26) -> 0.010828316608040086
(0, 27) -> 0.00914910986992084
(0, 28) -> 0.01087620379026182
(0, 29) -> 0.014881132842042025
(0, 30) -> 0.009865710291769164
(0, 31) -> 0.007130393537674139
(0, 32) -> 0.010065815745272214
(0, 33) -> 0.010762963742323195
(0, 34) -> 0.01035217138296864
(0, 35) -> 0.008833639952625011
(0, 36) -> 0.008467281926344144
(0, 37) -> 0.006993074225285476
(0, 38) -> 0.005540677744383548
(0, 39) -> 0.010889339823214814
(0, 40) -> 0.008349265839783697
(0, 41) -> 0.012609092454382867
(0, 42) -> 0.006718953810320795
(0, 43) -> 0.00310744558229337
(0, 45) -> 0.00271692609460823
(0, 46) -> 0.002546295389904918
(0, 49) -> 0.002121811222414625
(0, 52) -> 0.0018090919645091397
(0, 53) -> 0.0028554991860299766
(0, 54) -> 0.0016509902435459887
(0, 55) -> 0.0015846216279044114
(0, 56) -> 0.001525716081973857
(0, 57) -> 0.0037334688430052747
(0, 59) -> 0.0025170190518024145
(0, 60) -> 0.0013515359234217593
(0, 61) -> 0.0013204316077359492
(0, 65) -> 0.0012313959056898473
(0, 66) -> 0.0012160719497775428
(0, 68) -> 0.0023214979640733685
(0, 71) -> 0.0011665267259663744
(0, 75) -> 0.0011475732869432312
(0, 76) -> 0.0011445408491144319
(0, 81) -> 0.0011354152049968488
(0, 82) -> 0.0011344065856837154
(0, 83) -> 0.00226351830216483
(0, 87) -> 0.00226143907600261
(0, 90) -> 0.001130742689880204
(0, 97) -> 0.0011300991116038163
(0, 99) -> 0.001130038832870015
(0, 100) -> 0.0011300178388005955
(0, 110) -> 0.00112994888770488
(0, 124) -> 0.001129943592514054
(0, 128) -> 0.0011299435282655602
(0, 136) -> 0.0011299435046403395
(0, 143) -> 0.0011299435029829
(0, 145) -> 0.003389830508551503
(0, 147) -> 0.0011299435028619305
(0, 148) -> 0.0011299435028504976
(0, 157) -> 0.0011299435028256882
(0, 184) -> 0.0011299435028248588
(1, 0) -> 0.32639872692329747
(1, 1) -> 0.40164262581226506
(1, 2) -> 0.08436375640610867
(1, 3) -> 0.03585299880345896
(1, 4) -> 0.03568116695683732
(1, 6) -> 0.02982207894506922
(1, 7) -> 0.02951470551788991
(1, 8) -> 0.02916619518720918
(1, 9) -> 0.023402692209103904
(1, 11) -> 0.022523536836990703
(1, 12) -> 0.03279026240265451
(1, 14) -> 0.02098904075435957
(1, 15) -> 0.03656224795182625
(1, 21) -> 0.01687045112023316
(1, 22) -> 0.02164529702367054
(1, 23) -> 0.015673157522020243
(1, 24) -> 0.02046199092120366
(1, 27) -> 0.0241481986251605
(1, 31) -> 0.016753138206892292
(1, 33) -> 0.010489590314220407
(1, 36) -> 0.009323852001066214
(1, 39) -> 0.019108767561505324
(1, 41) -> 0.018568633187023658
(1, 51) -> 0.006148811442741264
(1, 59) -> 0.005633476132174203
(1, 76) -> 0.005390941432311079
(1, 98) -> 0.005376466034058801
(1, 151) -> 0.005376344086029861
(2, 0) -> 0.32102238283727597
(2, 1) -> 0.36400821721011456
(2, 2) -> 0.09511644457815167
(2, 3) -> 0.051982031061523486
(2, 4) -> 0.04105751104285882
(2, 5) -> 0.040838782184228484
(2, 6) -> 0.02982207894506922
(2, 11) -> 0.02789988092301221
(2, 13) -> 0.048406682499524754
(2, 16) -> 0.02523726581011715
(2, 21) -> 0.022246795206254666
(2, 27) -> 0.01877185453913899
(2, 32) -> 0.01629872990601579
(2, 41) -> 0.045450353617131185
(2, 57) -> 0.01109632650657371
(2, 69) -> 0.010804602236826083
(2, 79) -> 0.010760850992481323
(2, 135) -> 0.01075268817459048
(2, 142) -> 0.010752688172268689
(2, 145) -> 0.010752688172119938
(3, 0) -> 0.37082430700252783
(3, 1) -> 0.28308009044158033
(3, 2) -> 0.10756692561946464
(3, 7) -> 0.036305876994969705
(3, 15) -> 0.03260073125686303
(3, 21) -> 0.029037966683334464
(3, 22) -> 0.028436468500750336
(3, 23) -> 0.04538453273424436
(3, 25) -> 0.026676313918573905
(3, 30) -> 0.041563599081540205
(3, 31) -> 0.02354430968397209
(3, 36) -> 0.021491367564167516
(3, 38) -> 0.02082465038785664
(3, 39) -> 0.038067454601686423
(3, 41) -> 0.01998346057808195
(3, 98) -> 0.017543981597160103
(3, 152) -> 0.01754385964912853
(4, 0) -> 0.25328044735340494
(4, 1) -> 0.41992219570473815
(4, 2) -> 0.18651429404051725
(4, 4) -> 0.05288546803210613
(4, 5) -> 0.05266673917347579
(4, 31) -> 0.039333783368182614
(4, 33) -> 0.03844657956153223
(4, 55) -> 0.033788011458412884
(4, 104) -> 0.03333336013851006
(5, 0) -> 0.10328044735340497
(5, 1) -> 0.10325552903807153
(5, 2) -> 0.18651429404051725
(5, 3) -> 0.10305729987872778
(5, 11) -> 0.10048052608430252
(5, 17) -> 0.09723257763988316
(5, 21) -> 0.09482744036754498
(5, 26) -> 0.09190176293572369
(5, 39) -> 0.16964640197010747
(5, 44) -> 0.0851070629756449
(6, 0) -> 0.0755026695756272
(6, 1) -> 0.35325552903807156
(6, 2) -> 0.07540318292940615
(6, 3) -> 0.07527952210095001
(6, 4) -> 0.07510769025432835
(6, 14) -> 0.1267238077794492
(6, 15) -> 0.07061242716329579
(6, 29) -> 0.06252708387782357
(6, 32) -> 0.06110159728952834
(6, 33) -> 0.11622435733931002
(6, 38) -> 0.05883634629428939
(7, 1) -> 0.15325552903807155
(7, 2) -> 0.08651429404051726
(7, 3) -> 0.08639063321206111
(7, 6) -> 0.2190693907730262
(7, 13) -> 0.08281528465006238
(7, 33) -> 0.13844657956153222
(7, 52) -> 0.06734581512835094
(7, 58) -> 0.06696429328765546
(7, 79) -> 0.13334149615377164
(7, 80) -> 0.06667335817795492
(8, 0) -> 0.18661378068673828
(8, 1) -> 0.18658886237140487
(8, 2) -> 0.18651429404051725
(8, 3) -> 0.10305729987872778
(8, 5) -> 0.1026667391734758
(8, 16) -> 0.09781791097140746
(8, 25) -> 0.09246578760278443
(8, 56) -> 0.08372910591248232
(8, 81) -> 0.08333880503550532
(9, 0) -> 0.18661378068673828
(9, 1) -> 0.3532555290380715
(9, 2) -> 0.2698476273738506
(9, 5) -> 0.1026667391734758
(9, 10) -> 0.1009365996715483
(9, 21) -> 0.09482744036754498
(10, 0) -> 0.24216933624229386
(10, 1) -> 0.13103330681584932
(10, 2) -> 0.1309587384849617
(10, 3) -> 0.2419461887676167
(10, 26) -> 0.11967954071350148
(10, 40) -> 0.11381065943677052
(10, 41) -> 0.11355071204007025
(11, 17) -> 0.18056591097321648
(11, 25) -> 0.17579912093611774
(11, 28) -> 0.1741530399484539
(11, 33) -> 0.33844657956153223
(11, 43) -> 0.16864416874613516
(12, 8) -> 0.35174684034849946
(12, 9) -> 0.3513596814564157
(12, 23) -> 0.34363014676933207
(13, 1) -> 0.3532555290380715
(13, 3) -> 0.35305729987872775
(13, 44) -> 0.3351070629756449
(14, 2) -> 0.24206984959607283
(14, 3) -> 0.13083507765650557
(14, 6) -> 0.13018050188413732
(14, 16) -> 0.12559568874918525
(14, 23) -> 0.12140792454710986
(14, 45) -> 0.11269809370289449
(14, 60) -> 0.11133270353170802
(14, 85) -> 0.11111349704293817
(15, 1) -> 0.5199221957047382
(15, 4) -> 0.18621880136543945
(15, 7) -> 0.18542868401251356
(15, 9) -> 0.18469301478974906
(16, 4) -> 0.35288546803210613
(16, 8) -> 0.35174684034849946
(16, 11) -> 0.3504805260843025
(17, 0) -> 0.13105822513118276
(17, 1) -> 0.6865888623714049
(17, 8) -> 0.1295246181262773
(17, 20) -> 0.1232096473370683
(18, 10) -> 0.3509365996715483
(18, 11) -> 0.3504805260843025
(18, 14) -> 0.3489460300016714
(19, 0) -> 0.35328044735340497
(19, 2) -> 0.18651429404051725
(19, 11) -> 0.18381385941763587
(19, 17) -> 0.34723257763988313
(20, 4) -> 0.13066324580988392
(20, 5) -> 0.1304445169512536
(20, 8) -> 0.1295246181262773
(20, 14) -> 0.34894603000167146
(20, 36) -> 0.3372808412483781
(21, 2) -> 0.3531809607071839
(21, 13) -> 0.34948195131672904
(21, 14) -> 0.3489460300016714
(22, 2) -> 0.18651429404051725
(22, 4) -> 0.18621880136543945
(22, 5) -> 0.1860000725068091
(22, 8) -> 0.18508017368183283
(22, 14) -> 0.18227936333500472
(22, 24) -> 0.1763759694158273
(24, 0) -> 0.8866137806867382
(24, 1) -> 0.15325552903807155
(25, 0) -> 0.18661378068673828
(25, 1) -> 0.3532555290380715
(25, 2) -> 0.18651429404051725
(25, 15) -> 0.18172353827440688
(25, 21) -> 0.17816077370087832
(26, 1) -> 0.8532555290380716
(26, 2) -> 0.18651429404051725
(27, 0) -> 0.6199471140200716
(27, 1) -> 0.2199221957047382
(27, 9) -> 0.15135968145641573
(27, 19) -> 0.07936961949012612
(28, 0) -> 0.8434765257847775
(28, 1) -> 0.13756925452826763
(28, 22) -> 0.030500451988882432
(28, 36) -> 0.02355535105229961
(28, 37) -> 0.023211086854065803
(29, 0) -> 0.15328044735340496
(29, 1) -> 0.28658886237140485
(29, 3) -> 0.1530572998787278
(29, 4) -> 0.08621880136543947
(29, 13) -> 0.08281528465006238
(29, 21) -> 0.07816077370087832
(29, 30) -> 0.07314254644996125
(29, 50) -> 0.0675430816913451
(29, 51) -> 0.06743913402338643
(29, 60) -> 0.06688825908726356
(30, 0) -> 0.24216933624229386
(30, 1) -> 0.24214441792696045
(30, 4) -> 0.13066324580988392
(30, 8) -> 0.1295246181262773
(30, 10) -> 0.1287143774493261
(30, 11) -> 0.12825830386208031
(30, 23) -> 0.12140792454710986
(32, 0) -> 0.18661378068673828
(32, 1) -> 0.18658886237140487
(32, 2) -> 0.18651429404051725
(32, 19) -> 0.17936961949012611
(32, 20) -> 0.17876520289262382
(32, 21) -> 0.17816077370087832
(33, 0) -> 0.39031748439044206
(33, 1) -> 0.3532555290380715
(33, 2) -> 0.1309587384849617
(33, 6) -> 0.05610642781006325
(33, 9) -> 0.05506338516011944
(33, 13) -> 0.05318565502043276
(33, 15) -> 0.05209390864477727
(33, 16) -> 0.05152161467511118
(34, 0) -> 0.6460732401461978
(34, 1) -> 0.24852579930834182
(34, 2) -> 0.055883663409886625
(34, 3) -> 0.04112036294179085
(34, 4) -> 0.04094853109516919
(34, 5) -> 0.024964036470773096
(34, 6) -> 0.03370903041266585
(34, 7) -> 0.025518774102603656
(34, 8) -> 0.021791885393544548
(34, 9) -> 0.02590923100596528
(34, 10) -> 0.01985551859046723
(34, 11) -> 0.020525571129347577
(34, 12) -> 0.025670239153598992
(34, 13) -> 0.01727474410952184
(34, 14) -> 0.018991075046716443
(34, 15) -> 0.016182997733866347
(34, 16) -> 0.01786295601645252
(34, 18) -> 0.01443038862106387
(34, 20) -> 0.013224662352083296
(34, 31) -> 0.0071265761609754065
(34, 51) -> 0.0018985934828458847
(35, 1) -> 0.18658886237140487
(35, 3) -> 0.8530572998787278
(36, 21) -> 1.0114941070342116
(37, 1) -> 0.13103330681584932
(37, 2) -> 0.24206984959607283
(37, 6) -> 0.13018050188413732
(37, 12) -> 0.1277723412557011
(37, 20) -> 0.1232096473370683
(37, 30) -> 0.1175869908944057
(37, 31) -> 0.1171115611459604
(37, 43) -> 0.11308861319057963
(39, 14) -> 0.3489460300016714
(39, 16) -> 0.6811512443047407
(40, 1) -> 0.35325552903807156
(40, 2) -> 0.1309587384849617
(40, 3) -> 0.13083507765650557
(40, 5) -> 0.1304445169512536
(40, 36) -> 0.11505861902615583
(40, 70) -> 0.11115474524586341
(40, 191) -> 0.11111111111111112
(41, 21) -> 0.6781607737008782
(41, 22) -> 0.34422594218496083
(47, 1) -> 0.3532555290380715
(47, 3) -> 0.6863906332120611
(48, 3) -> 0.18639063321206112
(48, 17) -> 0.18056591097321648
(48, 18) -> 0.3466375958282711
(48, 26) -> 0.17523509626905703
(48, 33) -> 0.17177991289486555
(49, 2) -> 0.3531809607071839
(49, 3) -> 0.35305729987872775
(49, 20) -> 0.3454318695592905
(51, 0) -> 0.10328044735340497
(51, 2) -> 0.10318096070718392
(51, 4) -> 0.2695521346987728
(51, 13) -> 0.09948195131672904
(51, 34) -> 0.08803578720217768
(51, 54) -> 0.08385438007405446
(51, 59) -> 0.08359046537948603
(51, 114) -> 0.08333333509031088
(51, 115) -> 0.08333333465295494
(51, 116) -> 0.08333333432199315
(52, 3) -> 1.0197239665453945
(54, 1) -> 0.18658886237140487
(54, 4) -> 0.18621880136543945
(54, 21) -> 0.17816077370087832
(54, 23) -> 0.17696348010266538
(54, 28) -> 0.1741530399484539
(54, 29) -> 0.17363819498893468
(57, 1) -> 0.3532555290380715
(57, 21) -> 0.17816077370087832
(57, 27) -> 0.17468583303376264
(57, 46) -> 0.16808301855374672
(57, 57) -> 0.16701030500119735
(58, 0) -> 0.13105822513118276
(58, 1) -> 0.46436664014918266
(58, 22) -> 0.23311483107384975
(58, 45) -> 0.11269809370289449
(58, 68) -> 0.11117272206953477
(60, 30) -> 0.33980921311662793
(60, 33) -> 0.33844657956153223
(60, 49) -> 0.33432520105292307
(61, 0) -> 0.35328044735340497
(61, 1) -> 0.3532555290380715
(61, 2) -> 0.18651429404051725
(61, 66) -> 0.16675279511361935
(63, 0) -> 0.35328044735340497
(63, 20) -> 0.6787652028926238
(64, 14) -> 0.3489460300016714
(64, 25) -> 0.3424657876027844
(64, 28) -> 0.34081970661512057
(65, 0) -> 0.35328044735340497
(65, 2) -> 0.3531809607071839
(65, 10) -> 0.3509365996715483
(66, 2) -> 0.18651429404051725
(66, 5) -> 0.1860000725068091
(66, 8) -> 0.35174684034849946
(66, 9) -> 0.18469301478974906
(66, 22) -> 0.17755927551829417
(69, 0) -> 0.18661378068673828
(69, 1) -> 0.18658886237140487
(69, 2) -> 0.18651429404051725
(69, 15) -> 0.18172353827440688
(69, 32) -> 0.17221270840063943
(69, 38) -> 0.1699474574054005
(70, 0) -> 0.13105822513118276
(70, 1) -> 0.24214441792696045
(70, 2) -> 0.2050328125590358
(70, 3) -> 0.16787211469354263
(70, 5) -> 0.0563704428771795
(70, 7) -> 0.12987312845695803
(70, 15) -> 0.05209390864477727
(70, 18) -> 0.05034129953197478
(70, 38) -> 0.04031782777577087
(70, 47) -> 0.038297948032796764
(70, 89) -> 0.03703803662687239
(71, 0) -> 0.46439155846451613
(71, 2) -> 0.46429207181829507
(71, 34) -> 0.11581356497995547
(74, 0) -> 0.46439155846451613
(74, 2) -> 0.1309587384849617
(74, 7) -> 0.12987312845695803
(74, 21) -> 0.12260521814532277
(74, 23) -> 0.12140792454710986
(74, 68) -> 0.11117272206953477
(75, 1) -> 0.3532555290380715
(75, 32) -> 0.3388793750673061
(75, 46) -> 0.3347496852204134
(77, 0) -> 0.6866137806867383
(77, 1) -> 0.3532555290380715
(79, 2) -> 1.0198476273738506
(80, 0) -> 0.35328044735340497
(80, 1) -> 0.3532555290380715
(80, 15) -> 0.34839020494107353
(81, 3) -> 0.35305729987872775
(81, 16) -> 0.34781791097140746
(81, 19) -> 0.34603628615679277
(84, 1) -> 0.3532555290380715
(84, 39) -> 0.6696464019701074
(86, 1) -> 0.6865888623714048
(86, 10) -> 0.3509365996715483
(89, 15) -> 0.34839020494107353
(89, 16) -> 0.34781791097140746
(89, 53) -> 0.33392894551371355
(91, 54) -> 0.33385438007405444
(91, 56) -> 0.6670624392458157
(94, 1) -> 0.3532555290380715
(94, 14) -> 0.18227936333500472
(94, 22) -> 0.17755927551829417
(94, 33) -> 0.17177991289486555
(94, 36) -> 0.17061417458171135
(98, 22) -> 0.34422594218496083
(98, 27) -> 0.3413524997004293
(98, 36) -> 0.33728084124837804
(100, 3) -> 0.18639063321206112
(100, 25) -> 0.17579912093611774
(100, 39) -> 0.3363130686367741
(100, 44) -> 0.16844039630897822
(100, 45) -> 0.16825364925845002
(101, 0) -> 0.6866137806867383
(101, 3) -> 0.35305729987872775
(105, 1) -> 0.3532555290380715
(105, 3) -> 0.35305729987872775
(105, 19) -> 0.34603628615679277
(109, 2) -> 1.0198476273738506
(110, 1) -> 0.3532555290380715
(110, 3) -> 0.35305729987872775
(110, 4) -> 0.35288546803210613
(113, 0) -> 0.18661378068673828
(113, 2) -> 0.5198476273738506
(113, 10) -> 0.3509365996715483
(114, 0) -> 0.35328044735340497
(114, 3) -> 0.18639063321206112
(114, 5) -> 0.1860000725068091
(114, 13) -> 0.18281528465006236
(114, 17) -> 0.18056591097321648
(116, 3) -> 0.18639063321206112
(116, 4) -> 0.35288546803210613
(116, 10) -> 0.18426993300488165
(116, 31) -> 0.3393337833681826
(121, 0) -> 0.35328044735340497
(121, 2) -> 0.3531809607071839
(121, 44) -> 0.3351070629756449
(123, 0) -> 0.6866137806867383
(123, 10) -> 0.3509365996715483
(126, 5) -> 1.0193334058401424
(127, 10) -> 0.3509365996715483
(127, 14) -> 0.3489460300016714
(127, 15) -> 0.34839020494107353
(128, 0) -> 0.6866137806867383
(128, 6) -> 0.35240272410635953
(137, 7) -> 0.3520953506791802
(137, 13) -> 0.34948195131672904
(137, 14) -> 0.3489460300016714
(138, 6) -> 0.35240272410635953
(138, 12) -> 0.3499945634779233
(138, 20) -> 0.3454318695592905
(139, 2) -> 0.3531809607071839
(139, 40) -> 0.3360328816589927
(139, 70) -> 0.3333769674680856
(140, 1) -> 0.3532555290380715
(140, 9) -> 0.3513596814564157
(140, 69) -> 0.33338524739811637
(141, 0) -> 0.24216933624229386
(141, 1) -> 0.13103330681584932
(141, 2) -> 0.24206984959607283
(141, 3) -> 0.13083507765650557
(141, 5) -> 0.1304445169512536
(141, 7) -> 0.12987312845695803
(141, 10) -> 0.1287143774493261
(144, 0) -> 0.24216933624229386
(144, 6) -> 0.3524027241063596
(144, 12) -> 0.1277723412557011
(144, 61) -> 0.11130159921602222
(144, 67) -> 0.11118404765134446
(144, 68) -> 0.11117272206953477
(146, 21) -> 0.344827440367545
(146, 33) -> 0.6717799128948655
(147, 0) -> 0.24216933624229386
(147, 1) -> 0.13103330681584932
(147, 2) -> 0.1309587384849617
(147, 25) -> 0.12024356538056222
(147, 31) -> 0.22822267225707152
(147, 40) -> 0.11381065943677052
(147, 86) -> 0.11111303787094823
(152, 19) -> 0.34603628615679277
(152, 87) -> 0.3333348854036862
(152, 89) -> 0.33333433292316866
(153, 4) -> 0.6862188013654394
(153, 55) -> 0.33378801145841286
(157, 22) -> 0.34422594218496083
(157, 29) -> 0.6736381949889346
(166, 0) -> 0.6866137806867383
(166, 13) -> 0.34948195131672904
(167, 1) -> 0.3532555290380715
(167, 4) -> 0.35288546803210613
(167, 12) -> 0.3499945634779233
(177, 0) -> 0.35328044735340497
(177, 2) -> 0.3531809607071839
(177, 4) -> 0.35288546803210613
(178, 0) -> 0.5199471140200717
(178, 2) -> 0.18651429404051725
(178, 3) -> 0.18639063321206112
(178, 41) -> 0.1691062675956258
(181, 5) -> 0.3526667391734758
(181, 18) -> 0.3466375958282711
(181, 27) -> 0.3413524997004293
(182, 1) -> 0.3532555290380715
(182, 2) -> 0.6865142940405172
(192, 0) -> 0.35328044735340497
(192, 1) -> 0.5199221957047382
(192, 9) -> 0.18469301478974906
(193, 0) -> 0.18661378068673828
(193, 1) -> 0.8532555290380716
(195, 7) -> 0.3520953506791802
(195, 16) -> 0.34781791097140746
(195, 38) -> 0.33661412407206714
(196, 0) -> 1.0199471140200715
(204, 2) -> 0.3531809607071839
(204, 15) -> 0.34839020494107353
(204, 17) -> 0.34723257763988313
(221, 45) -> 0.3349203159251167
(221, 56) -> 0.33372910591248234
(221, 69) -> 0.33338524739811637
(233, 7) -> 0.3520953506791802
(233, 18) -> 0.3466375958282711
(233, 20) -> 0.3454318695592905
