(0, 0) -> 0.38197674406955384
(0, 1) -> 0.3105333650542909
(0, 2) -> 0.1546754395917881
(0, 3) -> 0.10876935797224459
(0, 4) -> 0.07073428192011033
(0, 5) -> 0.04520723903533391
(0, 6) -> 0.034061245865841805
(0, 8) -> 0.01584685477901682
(0, 9) -> 0.013525475575063674
(0, 10) -> 0.01657835002687615
(0, 11) -> 0.024256475759375618
(0, 12) -> 0.008076738589311187
(0, 13) -> 0.004027187877826658
(0, 14) -> 0.004018546272318322
(0, 15) -> 0.008032624087227802
(0, 16) -> 0.004016152800425062
(0, 17) -> 0.01204820692738016
(0, 19) -> 0.012048193030365941
(0, 20) -> 0.0040160642867311126
(0, 22) -> 0.004016064257307426
(0, 23) -> 0.016064257028135374
(0, 24) -> 0.0040160642570297965
(0, 25) -> 0.01606425702811256
(0, 26) -> 0.012048192771084345
(0, 27) -> 0.01606425702811245
(0, 28) -> 0.004016064257028112
(0, 29) -> 0.01606425702811245
(0, 30) -> 0.012048192771084338
(0, 31) -> 0.004016064257028112
(0, 33) -> 0.008032128514056224
(0, 34) -> 0.024096385542168676
(0, 35) -> 0.012048192771084338
(0, 36) -> 0.012048192771084338
(0, 37) -> 0.008032128514056224
(0, 38) -> 0.012048192771084338
(0, 39) -> 0.008032128514056224
(0, 40) -> 0.020080321285140566
(0, 41) -> 0.03614457831325301
(0, 42) -> 0.004016064257028112
(0, 48) -> 0.004016064257028112
(0, 50) -> 0.004016064257028112
(0, 54) -> 0.004016064257028112
(0, 57) -> 0.004016064257028112
(0, 64) -> 0.004016064257028112
(0, 75) -> 0.004016064257028112
(0, 79) -> 0.004016064257028112
(0, 80) -> 0.004016064257028112
(0, 81) -> 0.008032128514056224
(0, 82) -> 0.004016064257028112
(0, 83) -> 0.004016064257028112
(0, 87) -> 0.004016064257028112
(0, 98) -> 0.004016064257028112
(0, 100) -> 0.008032128514056224
(0, 107) -> 0.004016064257028112
(0, 108) -> 0.004016064257028112
(0, 125) -> 0.004016064257028112
(1, 0) -> 0.3996474268004776
(1, 1) -> 0.4591277425643311
(1, 2) -> 0.1731493351741174
(1, 3) -> 0.09399024150638113
(1, 4) -> 0.12133669155866456
(1, 6) -> 0.04466365550439602
(1, 9) -> 0.014810616137312669
(1, 10) -> 0.013847426332097035
(1, 11) -> 0.026826756883873606
(1, 13) -> 0.013344456954131879
(1, 15) -> 0.01333382890650491
(1, 20) -> 0.013333333363036333
(1, 25) -> 0.026666666666666776
(1, 43) -> 0.013333333333333332
(1, 46) -> 0.013333333333333332
(1, 51) -> 0.013333333333333332
(1, 59) -> 0.026666666666666665
(1, 61) -> 0.013333333333333332
(1, 64) -> 0.013333333333333332
(1, 86) -> 0.013333333333333332
(2, 0) -> 0.33298076013381095
(2, 1) -> 0.4924610758976644
(2, 2) -> 0.27314933517411744
(2, 3) -> 0.11399024150638112
(2, 8) -> 0.07046532867459915
(2, 12) -> 0.033377943408588295
(2, 16) -> 0.03333342187673028
(2, 39) -> 0.03333333333333333
(2, 46) -> 0.03333333333333333
(2, 101) -> 0.03333333333333333
(3, 0) -> 0.38939101654406727
(3, 1) -> 0.3565636400002285
(3, 2) -> 0.18340574543052768
(3, 3) -> 0.10629793381407343
(3, 4) -> 0.1315931018150748
(3, 5) -> 0.05880007190527521
(3, 6) -> 0.043638014478755
(3, 7) -> 0.034381655338928806
(3, 12) -> 0.025685635716280603
(3, 14) -> 0.025643507656315852
(3, 15) -> 0.02564152121419722
(3, 18) -> 0.025641027666319923
(3, 19) -> 0.025641025900307243
(3, 20) -> 0.02564102567072864
(3, 21) -> 0.025641025644070548
(3, 24) -> 0.025641025641027323
(3, 27) -> 0.02564102564102564
(3, 30) -> 0.02564102564102564
(4, 0) -> 0.23298076013381092
(4, 1) -> 0.19246107589766442
(4, 2) -> 0.13981600184078408
(4, 3) -> 0.21399024150638113
(4, 4) -> 0.15467002489199788
(4, 5) -> 0.09982571293091624
(4, 6) -> 0.15133032217106268
(4, 8) -> 0.037131995341265815
(4, 10) -> 0.06718075966543037
(4, 12) -> 0.033377943408588295
(4, 13) -> 0.03334445695413188
(4, 14) -> 0.06666914868195688
(4, 18) -> 0.03333333535862762
(4, 33) -> 0.03333333333333333
(4, 70) -> 0.03333333333333333
(4, 96) -> 0.03333333333333333
(5, 0) -> 0.3922400193930702
(5, 1) -> 0.31097959441618295
(5, 2) -> 0.21759377961856186
(5, 3) -> 0.15473098224712187
(5, 4) -> 0.09170706192903491
(5, 5) -> 0.0701960833012866
(5, 7) -> 0.08281470377197724
(5, 27) -> 0.037037037037037035
(5, 39) -> 0.037037037037037035
(5, 47) -> 0.037037037037037035
(5, 60) -> 0.037037037037037035
(5, 70) -> 0.07407407407407407
(6, 0) -> 0.371075998229049
(6, 1) -> 0.3162705997071882
(6, 3) -> 0.12827595579209541
(6, 5) -> 0.1283971415023448
(6, 6) -> 0.16085413169487223
(6, 7) -> 0.15159777255504603
(6, 21) -> 0.04761904762209252
(6, 23) -> 0.04761904761907054
(6, 37) -> 0.047619047619047616
(7, 0) -> 0.3996474268004776
(7, 1) -> 0.3257944092309978
(7, 2) -> 0.1731493351741174
(7, 3) -> 0.14732357483971448
(7, 5) -> 0.09982571293091624
(7, 6) -> 0.08466365550439602
(7, 7) -> 0.07540729636456983
(7, 10) -> 0.13384742633209704
(7, 14) -> 0.06666914868195688
(8, 0) -> 0.46631409346714425
(8, 1) -> 0.34801663145322
(8, 3) -> 0.19176801928415893
(8, 15) -> 0.1111116066842827
(8, 23) -> 0.11111111111113404
(8, 48) -> 0.11111111111111112
(9, 0) -> 0.6329807601338109
(9, 5) -> 0.1164923795975829
(9, 6) -> 0.10133032217106268
(9, 7) -> 0.0920739630312365
(9, 11) -> 0.08349342355054026
(9, 18) -> 0.08333333535862761
(9, 24) -> 0.08333333333333501
(10, 1) -> 0.2924610758976644
(10, 2) -> 0.27314933517411744
(10, 8) -> 0.17046532867459913
(10, 34) -> 0.16666666666666666
(10, 40) -> 0.3333333333333333
(11, 0) -> 0.9663140934671441
(11, 41) -> 0.16666666666666666
(12, 0) -> 0.46631409346714425
(12, 3) -> 0.24732357483971446
(12, 10) -> 0.16718075966543036
(12, 37) -> 0.16666666666666666
(12, 40) -> 0.16666666666666666
(13, 0) -> 0.7996474268004775
(13, 1) -> 0.4591277425643311
(14, 1) -> 0.2091277425643311
(14, 3) -> 0.3306569081730478
(14, 4) -> 0.3046700248919979
(14, 8) -> 0.08713199534126581
(14, 10) -> 0.08384742633209703
(14, 14) -> 0.08333581534862354
(14, 29) -> 0.08333333333333333
(14, 30) -> 0.08333333333333333
(16, 0) -> 0.46631409346714425
(16, 2) -> 0.21759377961856186
(16, 9) -> 0.11258839391509046
(16, 10) -> 0.11162520410987482
(16, 22) -> 0.11111111111139044
(16, 26) -> 0.11111111111111112
(16, 39) -> 0.11111111111111112
(17, 0) -> 0.35520298235603315
(17, 13) -> 0.11112223473190966
(17, 25) -> 0.11111111111111123
(17, 36) -> 0.11111111111111112
(17, 53) -> 0.11111111111111112
(17, 56) -> 0.11111111111111112
(17, 64) -> 0.11111111111111112
(17, 213) -> 0.11111111111111112
(18, 0) -> 0.33298076013381095
(18, 1) -> 0.2591277425643311
(18, 2) -> 0.1731493351741174
(18, 3) -> 0.14732357483971448
(18, 4) -> 0.32133669155866457
(18, 6) -> 0.08466365550439602
(18, 9) -> 0.068143949470646
(18, 22) -> 0.06666666666694598
(18, 25) -> 0.06666666666666678
(19, 0) -> 0.21631409346714425
(19, 1) -> 0.2924610758976644
(19, 4) -> 0.13800335822533122
(19, 8) -> 0.08713199534126581
(19, 10) -> 0.08384742633209703
(19, 12) -> 0.16671127674192163
(19, 16) -> 0.1666667552100636
(19, 17) -> 0.08333334748962914
(19, 44) -> 0.08333333333333333
(20, 4) -> 0.7213366915586645
(20, 5) -> 0.3664923795975829
(21, 0) -> 0.33298076013381095
(21, 1) -> 0.2591277425643311
(21, 2) -> 0.1731493351741174
(21, 5) -> 0.09982571293091624
(21, 6) -> 0.08466365550439602
(21, 8) -> 0.07046532867459915
(21, 12) -> 0.1333779434085883
(21, 17) -> 0.06666668082296248
(21, 23) -> 0.06666666666668959
(21, 42) -> 0.06666666666666667
(21, 58) -> 0.06666666666666667
(22, 1) -> 0.3257944092309978
(22, 2) -> 0.1731493351741174
(22, 4) -> 0.1880033582253312
(22, 5) -> 0.09982571293091624
(22, 11) -> 0.13349342355054028
(22, 16) -> 0.06666675521006361
(22, 17) -> 0.06666668082296248
(22, 29) -> 0.06666666666666667
(22, 83) -> 0.06666666666666667
(22, 106) -> 0.06666666666666667
(22, 144) -> 0.06666666666666667
(23, 0) -> 0.5663140934671442
(23, 1) -> 0.2591277425643311
(23, 2) -> 0.1731493351741174
(23, 5) -> 0.0664923795975829
(23, 12) -> 0.033377943408588295
(23, 19) -> 0.033333333592614936
(23, 22) -> 0.033333333333612644
(23, 23) -> 0.03333333333335626
(23, 24) -> 0.03333333333333502
(23, 28) -> 0.03333333333333333
(23, 29) -> 0.06666666666666667
(23, 35) -> 0.03333333333333333
(23, 37) -> 0.03333333333333333
(24, 0) -> 0.3996474268004776
(24, 5) -> 0.09982571293091624
(24, 7) -> 0.14207396303123648
(24, 8) -> 0.07046532867459915
(24, 9) -> 0.068143949470646
(24, 13) -> 0.0666777902874652
(24, 30) -> 0.06666666666666667
(24, 31) -> 0.06666666666666667
(24, 37) -> 0.06666666666666667
(24, 41) -> 0.06666666666666667
(24, 72) -> 0.06666666666666667
(25, 0) -> 0.21631409346714425
(25, 1) -> 0.2924610758976644
(25, 9) -> 0.08481061613731267
(25, 15) -> 0.08333382890650491
(25, 17) -> 0.08333334748962914
(25, 19) -> 0.08333333359261492
(25, 20) -> 0.08333333336303633
(25, 24) -> 0.08333333333333501
(25, 58) -> 0.08333333333333333
(25, 69) -> 0.08333333333333333
(25, 134) -> 0.08333333333333333
(26, 0) -> 0.35520298235603315
(26, 1) -> 0.23690552034210888
(26, 3) -> 0.19176801928415893
(26, 4) -> 0.2768922471142201
(26, 7) -> 0.11985174080901428
(26, 8) -> 0.1149097731190436
(26, 28) -> 0.11111111111111112
(27, 0) -> 0.6329807601338109
(27, 9) -> 0.5014772828039793
(28, 0) -> 0.29964742680047757
(28, 1) -> 0.2924610758976644
(28, 2) -> 0.27314933517411744
(28, 8) -> 0.17046532867459913
(28, 30) -> 0.16666666666666666
(28, 113) -> 0.16666666666666666
(29, 0) -> 0.26631409346714424
(29, 2) -> 0.30648266850745076
(29, 3) -> 0.14732357483971448
(29, 4) -> 0.1880033582253312
(29, 7) -> 0.14207396303123648
(29, 9) -> 0.068143949470646
(29, 18) -> 0.06666666869196095
(29, 28) -> 0.06666666666666667
(29, 38) -> 0.06666666666666667
(29, 55) -> 0.06666666666666667
(30, 0) -> 0.5774252045782554
(30, 1) -> 0.34801663145322
(30, 15) -> 0.1111116066842827
(30, 16) -> 0.11111119965450807
(30, 41) -> 0.11111111111111112
(31, 1) -> 0.6257944092309977
(31, 3) -> 0.24732357483971446
(31, 4) -> 0.22133669155866453
(31, 20) -> 0.16666666669636965
(32, 0) -> 0.29964742680047757
(32, 3) -> 0.4139902415063811
(32, 23) -> 0.16666666666668958
(32, 33) -> 0.16666666666666666
(32, 114) -> 0.16666666666666666
(33, 0) -> 0.3659556705280761
(33, 1) -> 0.31217433754640994
(33, 2) -> 0.18533571510243282
(33, 3) -> 0.13262823433792234
(33, 4) -> 0.09768077758016994
(33, 5) -> 0.0636249960850381
(33, 6) -> 0.03591813579113437
(33, 7) -> 0.035622350128010696
(33, 8) -> 0.036056726524061514
(33, 9) -> 0.02477477384340586
(33, 10) -> 0.01843523995216872
(33, 11) -> 0.010912778389249951
(33, 12) -> 0.010797298247297974
(33, 13) -> 0.0071795824021605534
(33, 14) -> 0.007170940796652217
(33, 15) -> 0.01254529844055509
(33, 16) -> 0.00896066202009946
(33, 17) -> 0.0071684729376578285
(33, 18) -> 0.001792116720634785
(33, 19) -> 0.010752688431324615
(33, 20) -> 0.008960573506405509
(33, 21) -> 0.0035842293937259104
(33, 22) -> 0.007168458781641321
(33, 23) -> 0.003584229390703931
(33, 24) -> 0.00537634408602319
(33, 25) -> 0.00896057347670262
(33, 26) -> 0.0017921146953405083
(33, 27) -> 0.003584229390681004
(33, 28) -> 0.007168458781362007
(33, 29) -> 0.010752688172043012
(33, 31) -> 0.0017921146953405018
(33, 32) -> 0.0035842293906810036
(33, 33) -> 0.0017921146953405018
(33, 34) -> 0.0017921146953405018
(33, 35) -> 0.010752688172043012
(33, 36) -> 0.0017921146953405018
(33, 37) -> 0.005376344086021506
(33, 39) -> 0.007168458781362007
(33, 40) -> 0.005376344086021506
(33, 41) -> 0.016129032258064516
(33, 42) -> 0.005376344086021506
(33, 43) -> 0.0035842293906810036
(33, 44) -> 0.0017921146953405018
(33, 47) -> 0.0017921146953405018
(33, 48) -> 0.0017921146953405018
(33, 50) -> 0.0017921146953405018
(33, 51) -> 0.0017921146953405018
(33, 55) -> 0.0017921146953405018
(33, 57) -> 0.0017921146953405018
(33, 58) -> 0.0017921146953405018
(33, 59) -> 0.0017921146953405018
(33, 65) -> 0.0017921146953405018
(33, 69) -> 0.0017921146953405018
(33, 72) -> 0.0017921146953405018
(33, 77) -> 0.0017921146953405018
(33, 81) -> 0.0035842293906810036
(33, 82) -> 0.0017921146953405018
(33, 94) -> 0.0017921146953405018
(33, 95) -> 0.0035842293906810036
(33, 96) -> 0.0017921146953405018
(33, 100) -> 0.0017921146953405018
(33, 109) -> 0.0017921146953405018
(33, 115) -> 0.0017921146953405018
(33, 118) -> 0.0017921146953405018
(33, 119) -> 0.0017921146953405018
(33, 125) -> 0.0017921146953405018
(33, 129) -> 0.0017921146953405018
(33, 165) -> 0.0017921146953405018
(33, 206) -> 0.0017921146953405018
(33, 213) -> 0.0017921146953405018
(33, 229) -> 0.0017921146953405018
(34, 0) -> 0.33298076013381095
(34, 1) -> 0.19246107589766442
(34, 4) -> 0.12133669155866456
(34, 6) -> 0.15133032217106268
(34, 10) -> 0.06718075966543037
(34, 11) -> 0.13349342355054028
(34, 15) -> 0.06666716223983825
(34, 29) -> 0.06666666666666667
(34, 43) -> 0.13333333333333333
(34, 67) -> 0.06666666666666667
(35, 0) -> 0.6329807601338109
(35, 24) -> 0.16666666666666835
(35, 25) -> 0.16666666666666677
(35, 26) -> 0.16666666666666666
(36, 0) -> 0.29964742680047757
(36, 1) -> 0.6257944092309977
(36, 9) -> 0.16814394947064598
(36, 13) -> 0.1666777902874652
(37, 0) -> 0.46631409346714425
(37, 7) -> 0.1754072963645698
(37, 8) -> 0.17046532867459913
(37, 19) -> 0.16666666692594825
(37, 30) -> 0.16666666666666666
(39, 5) -> 0.3664923795975829
(39, 12) -> 0.3333779434085883
(39, 22) -> 0.33333333333361265
(40, 4) -> 0.3880033582253312
(40, 18) -> 0.16666666869196095
(40, 19) -> 0.16666666692594825
(40, 32) -> 0.16666666666666666
(40, 43) -> 0.16666666666666666
(41, 0) -> 0.46631409346714425
(41, 1) -> 0.7924610758976643
(43, 0) -> 0.24409187124492204
(43, 1) -> 0.23690552034210888
(43, 2) -> 0.21759377961856186
(43, 12) -> 0.11115572118636607
(43, 13) -> 0.11112223473190966
(43, 16) -> 0.11111119965450807
(43, 20) -> 0.11111111114081412
(43, 23) -> 0.11111111111113404
(43, 41) -> 0.11111111111111112
(47, 11) -> 0.33349342355054024
(47, 38) -> 0.3333333333333333
(47, 40) -> 0.3333333333333333
(49, 3) -> 0.24732357483971446
(49, 4) -> 0.22133669155866453
(49, 25) -> 0.16666666666666677
(49, 27) -> 0.16666666666666666
(49, 29) -> 0.16666666666666666
(49, 37) -> 0.16666666666666666
(51, 1) -> 0.4591277425643311
(51, 2) -> 0.43981600184078407
(51, 7) -> 0.3420739630312365
(54, 0) -> 0.29964742680047757
(54, 23) -> 0.16666666666668958
(54, 26) -> 0.16666666666666666
(54, 30) -> 0.3333333333333333
(54, 80) -> 0.16666666666666666
(59, 0) -> 0.29964742680047757
(59, 1) -> 0.6257944092309977
(59, 16) -> 0.33333342187673026
(61, 74) -> 0.6666666666666666
(61, 99) -> 0.3333333333333333
(62, 0) -> 0.46631409346714425
(62, 1) -> 0.4591277425643311
(62, 34) -> 0.3333333333333333
(63, 0) -> 0.46631409346714425
(63, 4) -> 0.22133669155866453
(63, 22) -> 0.16666666666694596
(63, 26) -> 0.16666666666666666
(63, 30) -> 0.16666666666666666
(64, 3) -> 1.0806569081730477
(65, 7) -> 0.6754072963645698
(65, 8) -> 0.3371319953412658
(70, 0) -> 0.7996474268004775
(70, 30) -> 0.3333333333333333
(73, 14) -> 0.3333358153486235
(73, 24) -> 0.333333333333335
(73, 29) -> 0.3333333333333333
(83, 74) -> 0.3333333333333333
(83, 75) -> 0.3333333333333333
(83, 100) -> 0.3333333333333333
(84, 0) -> 0.46631409346714425
(84, 10) -> 0.333847426332097
(84, 17) -> 0.3333333474896291
(88, 56) -> 0.6666666666666666
(88, 156) -> 0.3333333333333333
(90, 25) -> 0.3333333333333334
(90, 52) -> 0.16666666666666666
(90, 76) -> 0.16666666666666666
(90, 81) -> 0.16666666666666666
(90, 99) -> 0.16666666666666666
(91, 4) -> 1.0546700248919978
(95, 1) -> 1.1257944092309977
(96, 0) -> 0.6329807601338109
(96, 7) -> 0.1754072963645698
(96, 51) -> 0.16666666666666666
(96, 79) -> 0.16666666666666666
(97, 1) -> 0.4591277425643311
(97, 2) -> 0.43981600184078407
(97, 6) -> 0.3513303221710627
(100, 23) -> 0.33333333333335624
(100, 25) -> 0.3333333333333334
(100, 26) -> 0.3333333333333333
(103, 0) -> 0.7996474268004775
(103, 1) -> 0.4591277425643311
(104, 0) -> 0.6329807601338109
(104, 43) -> 0.16666666666666666
(104, 44) -> 0.16666666666666666
(104, 61) -> 0.16666666666666666
(106, 0) -> 0.46631409346714425
(106, 1) -> 0.7924610758976643
(108, 2) -> 0.27314933517411744
(108, 5) -> 0.3664923795975829
(108, 30) -> 0.16666666666666666
(108, 40) -> 0.16666666666666666
(108, 79) -> 0.16666666666666666
(109, 8) -> 1.0037986620079324
(112, 21) -> 0.3333333333363782
(112, 22) -> 0.33333333333361265
(112, 55) -> 0.3333333333333333
(113, 0) -> 1.1329807601338109
(117, 12) -> 0.3333779434085883
(117, 13) -> 0.6666777902874652
(126, 24) -> 0.6666666666666683
(126, 66) -> 0.3333333333333333
(137, 0) -> 0.46631409346714425
(137, 13) -> 0.6666777902874652
(140, 2) -> 0.43981600184078407
(140, 3) -> 0.4139902415063811
(140, 4) -> 0.3880033582253312
(141, 1) -> 1.1257944092309977
(146, 6) -> 0.3513303221710627
(146, 10) -> 0.333847426332097
(146, 73) -> 0.3333333333333333
(147, 0) -> 0.46631409346714425
(147, 1) -> 0.7924610758976643
(149, 116) -> 0.3333333333333333
(149, 118) -> 0.3333333333333333
(149, 123) -> 0.3333333333333333
(160, 2) -> 0.43981600184078407
(160, 3) -> 0.4139902415063811
(160, 4) -> 0.3880033582253312
(161, 1) -> 0.4591277425643311
(161, 2) -> 0.7731493351741174
(165, 14) -> 0.3333358153486235
(165, 16) -> 0.6666667552100636
(250, 1) -> 0.4591277425643311
(250, 18) -> 0.6666666686919609
