(0, 0) -> 0.557243151316109
(0, 1) -> 0.21864014442268692
(0, 2) -> 0.07520893273515596
(0, 3) -> 0.04361674043816834
(0, 4) -> 0.03353814868478678
(0, 5) -> 0.02690916341590004
(0, 6) -> 0.026645148348783784
(0, 7) -> 0.02692052550435506
(0, 8) -> 0.021910010511669666
(0, 9) -> 0.02501935511608939
(0, 10) -> 0.021099769834718472
(0, 11) -> 0.020643696247472695
(0, 12) -> 0.020740484223844065
(0, 13) -> 0.019645121479899212
(0, 14) -> 0.019691950747592144
(0, 15) -> 0.019136125686994302
(0, 16) -> 0.015650078803575305
(0, 17) -> 0.015064745472050991
(0, 18) -> 0.014469763660438908
(0, 19) -> 0.014451204571711201
(0, 20) -> 0.015012289139710084
(0, 21) -> 0.013825109365213986
(0, 22) -> 0.016720114679133355
(0, 23) -> 0.013793316932502233
(0, 24) -> 0.012623055662913564
(0, 25) -> 0.011463456600453427
(0, 26) -> 0.012064933098893865
(0, 27) -> 0.009184667532597146
(0, 28) -> 0.00865187444728841
(0, 29) -> 0.010468031818771512
(0, 30) -> 0.0076413809487957535
(0, 31) -> 0.008914202948602195
(0, 32) -> 0.006711542899473944
(0, 33) -> 0.005695996810949484
(0, 34) -> 0.008198957365347844
(0, 36) -> 0.00860951257704937
(0, 37) -> 0.006516996630563814
(0, 38) -> 0.005611793069736162
(0, 39) -> 0.0070589893826948835
(0, 40) -> 0.005030550656661734
(0, 41) -> 0.003022351511709721
(0, 42) -> 0.0027819303817719424
(0, 43) -> 0.0037257538277202596
(0, 44) -> 0.0035219813905633204
(0, 45) -> 0.0033352343400351193
(0, 47) -> 0.003009162744011468
(0, 48) -> 0.0028679782629938933
(0, 49) -> 0.0015746183023403488
(0, 50) -> 0.00145916560742901
(0, 51) -> 0.0025207191049715066
(0, 52) -> 0.0012618990444348637
(0, 53) -> 0.0011783627631308418
(0, 54) -> 0.0016865479062222952
(0, 60) -> 0.0025525947515992312
(0, 61) -> 0.0013559892704122559
(0, 62) -> 0.0007460915355605789
(0, 63) -> 0.0007224635034945551
(0, 65) -> 0.0006842029856155712
(0, 66) -> 0.0006688790297032668
(0, 68) -> 0.0006443615411742337
(0, 70) -> 0.0012091353002534535
(0, 71) -> 0.0006193338058920983
(0, 73) -> 0.0006082738314677921
(0, 74) -> 0.0006039895962781204
(0, 75) -> 0.000600380366868955
(0, 77) -> 0.0005948069117618824
(0, 78) -> 0.0005926833563202214
(0, 79) -> 0.0005909134031888949
(0, 81) -> 0.0005882222849225727
(0, 82) -> 0.0005872136656094394
(0, 83) -> 0.0005863818792656954
(0, 84) -> 0.0005856977361384097
(0, 85) -> 0.000585136514577643
(0, 86) -> 0.0005846773425876871
(0, 87) -> 0.001167053235854058
(0, 91) -> 0.0005833879493696744
(0, 92) -> 0.0011660082081044398
(0, 95) -> 0.0005830020581150124
(0, 96) -> 0.0005829486477051343
(0, 98) -> 0.0005828725307878774
(0, 101) -> 0.0011655589860963445
(0, 102) -> 0.0017482966104275602
(0, 104) -> 0.0005827773879273062
(0, 105) -> 0.0005827712251055258
(0, 106) -> 0.001165517022247249
(0, 107) -> 0.001165513315693871
(0, 110) -> 0.000582755967630604
(0, 114) -> 0.0005827523397281301
(0, 115) -> 0.0005827519023721845
(0, 120) -> 0.0005827508865447253
(0, 125) -> 0.0005827506484506736
(0, 130) -> 0.0011655011788489487
(0, 135) -> 0.0005827505852980517
(0, 140) -> 0.0005827505832073187
(0, 141) -> 0.0005827505830720371
(0, 152) -> 0.0005827505827563035
(0, 158) -> 0.0005827505827511422
(0, 173) -> 0.0011655011655011666
(0, 174) -> 0.0005827505827505835
(0, 193) -> 0.0005827505827505828
(0, 200) -> 0.0005827505827505828
(0, 211) -> 0.0011655011655011655
(0, 213) -> 0.0005827505827505828
(0, 245) -> 0.0005827505827505828
(0, 248) -> 0.0005827505827505828
(1, 0) -> 0.47116662621519356
(1, 1) -> 0.3532555290380715
(1, 2) -> 0.06862811517872865
(1, 3) -> 0.052244291748646476
(1, 4) -> 0.027682215999585803
(1, 5) -> 0.023398446490548966
(1, 7) -> 0.022827057996253404
(1, 8) -> 0.022478547665572675
(1, 9) -> 0.03428651072470841
(1, 12) -> 0.02072627079499649
(1, 13) -> 0.02021365863380222
(1, 15) -> 0.019121912258146724
(1, 19) -> 0.016767993473865955
(1, 22) -> 0.019022690152440534
(1, 26) -> 0.012633470252796873
(1, 27) -> 0.012084207017502483
(1, 28) -> 0.01155141393219375
(1, 29) -> 0.011036568972674517
(1, 31) -> 0.010065490685255784
(1, 32) -> 0.013676123034785787
(1, 36) -> 0.008012548565451211
(1, 38) -> 0.007345831389140333
(1, 48) -> 0.005184767165148649
(1, 67) -> 0.008203017841046345
(1, 68) -> 0.004126651608830155
(1, 85) -> 0.004067426582233564
(1, 95) -> 0.0040652921257709335
(1, 103) -> 0.004065075371418273
(1, 128) -> 0.004065040675847205
(1, 140) -> 0.00406504065086324
(2, 0) -> 0.3712984653714231
(2, 1) -> 0.37127354705608956
(2, 2) -> 0.06489267241889564
(2, 3) -> 0.05576000258143048
(2, 4) -> 0.03757015271679082
(2, 6) -> 0.037087408791044225
(2, 7) -> 0.027771026354855906
(2, 8) -> 0.027422516024175177
(2, 9) -> 0.03604436614110042
(2, 10) -> 0.026612275347223983
(2, 11) -> 0.02615620175997821
(2, 14) -> 0.024621705677347075
(2, 15) -> 0.024065880616749233
(2, 20) -> 0.030116554243975188
(2, 21) -> 0.020503116043220665
(2, 23) -> 0.028314831454016753
(2, 33) -> 0.01412225523720791
(2, 34) -> 0.013711462877853357
(2, 38) -> 0.012289799747742839
(2, 43) -> 0.01098651108847752
(2, 46) -> 0.010425360896089067
(2, 47) -> 0.010269920004768729
(2, 62) -> 0.009172349961819004
(3, 0) -> 0.6125397066126642
(3, 1) -> 0.24214441792696043
(3, 2) -> 0.03836614589236911
(3, 3) -> 0.038242485063912965
(3, 4) -> 0.05658917173580983
(3, 6) -> 0.05610642781006324
(3, 7) -> 0.037280535864365416
(3, 24) -> 0.028227821267679167
(3, 47) -> 0.03829794803279676
(4, 0) -> 0.390317484390442
(4, 1) -> 0.27918145496399743
(4, 2) -> 0.1309587384849617
(4, 3) -> 0.05676100358243148
(4, 13) -> 0.09022269205746979
(4, 17) -> 0.05093628134358686
(4, 52) -> 0.07475322253575835
(4, 59) -> 0.037294169083189735
(5, 0) -> 0.0616137806867383
(5, 1) -> 0.22825552903807153
(5, 2) -> 0.22818096070718394
(5, 3) -> 0.26972396654539443
(5, 4) -> 0.06121880136543946
(5, 6) -> 0.060736057439692875
(5, 21) -> 0.05316077370087832
(5, 24) -> 0.05137596941582731
(5, 25) -> 0.05079912093611776
(5, 29) -> 0.04863819498893468
(5, 60) -> 0.04188825908726356
(6, 0) -> 0.35328044735340497
(6, 1) -> 0.18658886237140487
(6, 3) -> 0.26972396654539443
(6, 5) -> 0.1026667391734758
(6, 33) -> 0.08844657956153223
(6, 71) -> 0.08336991655647484
(7, 0) -> 0.24216933624229384
(7, 1) -> 0.4643666401491826
(7, 2) -> 0.3531809607071839
(8, 0) -> 0.10328044735340497
(8, 1) -> 0.3532555290380715
(8, 4) -> 0.10288546803210613
(8, 6) -> 0.18573605743969288
(8, 7) -> 0.10209535067918023
(8, 10) -> 0.1009365996715483
(8, 17) -> 0.09723257763988316
(8, 20) -> 0.0954318695592905
(9, 0) -> 0.10328044735340497
(9, 1) -> 0.10325552903807153
(9, 2) -> 0.4365142940405173
(9, 4) -> 0.10288546803210613
(9, 5) -> 0.1026667391734758
(9, 10) -> 0.1009365996715483
(9, 17) -> 0.09723257763988316
(9, 72) -> 0.08336392842983902
(10, 0) -> 0.18661378068673828
(10, 6) -> 0.18573605743969288
(10, 8) -> 0.35174684034849946
(10, 29) -> 0.17363819498893468
(10, 30) -> 0.17314254644996124
(11, 0) -> 0.5755026695756271
(11, 5) -> 0.13044451695125356
(11, 6) -> 0.13018050188413732
(11, 25) -> 0.1202435653805622
(11, 26) -> 0.11967954071350148
(13, 0) -> 0.13105822513118273
(13, 1) -> 0.13103330681584932
(13, 4) -> 0.241774356920995
(13, 6) -> 0.13018050188413732
(13, 8) -> 0.12952461812627727
(13, 11) -> 0.1282583038620803
(13, 14) -> 0.12672380777944917
(13, 74) -> 0.11113235012463864
(14, 0) -> 0.35328044735340497
(14, 1) -> 0.13103330681584932
(14, 6) -> 0.13018050188413732
(14, 7) -> 0.129873128456958
(14, 8) -> 0.12952461812627727
(14, 9) -> 0.1291374592341935
(14, 14) -> 0.12672380777944917
(15, 0) -> 0.13105822513118273
(15, 1) -> 0.24214441792696043
(15, 3) -> 0.13083507765650554
(15, 4) -> 0.241774356920995
(15, 18) -> 0.12441537360604885
(15, 41) -> 0.11355071204007024
(15, 49) -> 0.11210297883070088
(16, 0) -> 0.18661378068673828
(16, 1) -> 0.18658886237140487
(16, 2) -> 0.5198476273738506
(16, 4) -> 0.18621880136543945
(17, 3) -> 0.6863906332120611
(17, 5) -> 0.3526667391734758
(18, 0) -> 0.35328044735340497
(18, 1) -> 0.3532555290380715
(18, 2) -> 0.3531809607071839
(19, 0) -> 0.35328044735340497
(19, 1) -> 0.6865888623714048
(20, 0) -> 0.26994711402007165
(20, 1) -> 0.4365888623714048
(20, 2) -> 0.10318096070718392
(20, 4) -> 0.10288546803210613
(20, 6) -> 0.10240272410635953
(20, 19) -> 0.09603628615679279
(21, 1) -> 1.0199221957047382
(22, 0) -> 0.6866137806867383
(22, 1) -> 0.3532555290380715
(24, 2) -> 0.3531809607071839
(24, 19) -> 0.34603628615679277
(24, 22) -> 0.34422594218496083
(25, 1) -> 0.3532555290380715
(25, 3) -> 0.6863906332120611
(26, 10) -> 0.6842699330048816
(26, 11) -> 0.35048052608430247
(28, 0) -> 0.35328044735340497
(28, 2) -> 0.3531809607071839
(28, 67) -> 0.33340626987356664
(29, 0) -> 0.13105822513118273
(29, 1) -> 0.24214441792696043
(29, 2) -> 0.1309587384849617
(29, 12) -> 0.12777234125570108
(29, 14) -> 0.12672380777944917
(29, 16) -> 0.12559568874918525
(29, 18) -> 0.12441537360604885
(29, 19) -> 0.12381406393457056
(32, 0) -> 0.24216933624229384
(32, 1) -> 0.4643666401491826
(32, 19) -> 0.12381406393457056
(32, 24) -> 0.12082041386027176
(32, 26) -> 0.11967954071350148
(34, 0) -> 0.35328044735340497
(34, 1) -> 0.3532555290380715
(34, 2) -> 0.3531809607071839
(35, 10) -> 0.3509365996715483
(35, 13) -> 0.34948195131672904
(35, 14) -> 0.3489460300016714
(36, 0) -> 0.5101431924514442
(36, 1) -> 0.20619670550865976
(36, 2) -> 0.1178868430601251
(36, 3) -> 0.04913573125127681
(36, 4) -> 0.06857174254191005
(36, 5) -> 0.05854909211465227
(36, 8) -> 0.03802135015242107
(36, 9) -> 0.037634191260337305
(36, 10) -> 0.027407187906842427
(36, 11) -> 0.0367550358882241
(36, 12) -> 0.026465151713217436
(36, 13) -> 0.025952539552023167
(36, 15) -> 0.024860793176367673
(36, 17) -> 0.023703165875177276
(37, 1) -> 1.0199221957047382
(39, 12) -> 0.3499945634779233
(39, 13) -> 0.6828152846500624
(40, 8) -> 0.35174684034849946
(40, 16) -> 0.34781791097140746
(40, 20) -> 0.3454318695592905
(41, 6) -> 0.6857360574396928
(41, 12) -> 0.3499945634779233
(43, 3) -> 0.35305729987872775
(43, 5) -> 0.3526667391734758
(43, 10) -> 0.3509365996715483
(44, 5) -> 0.3526667391734758
(44, 6) -> 0.35240272410635953
(44, 9) -> 0.3513596814564157
(45, 1) -> 0.3532555290380715
(45, 2) -> 0.3531809607071839
(45, 9) -> 0.3513596814564157
(48, 1) -> 0.3532555290380715
(48, 28) -> 0.34081970661512057
(48, 41) -> 0.33577293426229243
(53, 14) -> 0.3489460300016714
(53, 52) -> 0.3340124817950176
(53, 53) -> 0.33392894551371355
(57, 0) -> 0.5199471140200717
(57, 1) -> 0.3532555290380715
(57, 10) -> 0.18426993300488165
(61, 0) -> 0.35328044735340497
(61, 1) -> 0.18658886237140487
(61, 24) -> 0.1763759694158273
(61, 30) -> 0.17314254644996124
(61, 50) -> 0.16754308169134507
(62, 0) -> 0.35328044735340497
(62, 10) -> 0.3509365996715483
(62, 34) -> 0.33803578720217764
(64, 0) -> 0.24216933624229384
(64, 1) -> 0.13103330681584932
(64, 2) -> 0.1309587384849617
(64, 8) -> 0.12952461812627727
(64, 14) -> 0.12672380777944917
(64, 20) -> 0.12320964733706827
(64, 22) -> 0.12200371996273864
(64, 31) -> 0.11711156114596039
(70, 3) -> 0.18639063321206112
(70, 14) -> 0.18227936333500472
(70, 22) -> 0.17755927551829417
(70, 23) -> 0.17696348010266538
(70, 37) -> 0.17026991038347755
(70, 49) -> 0.1676585343862564
(71, 1) -> 0.3532555290380715
(71, 15) -> 0.3483902049410735
(71, 22) -> 0.34422594218496083
(73, 3) -> 0.35305729987872775
(73, 31) -> 0.3393337833681826
(73, 34) -> 0.33803578720217764
(74, 1) -> 0.6865888623714048
(74, 2) -> 0.3531809607071839
(75, 1) -> 0.3532555290380715
(75, 5) -> 0.3526667391734758
(75, 10) -> 0.3509365996715483
(79, 0) -> 0.35328044735340497
(79, 2) -> 0.6865142940405172
(80, 2) -> 0.3531809607071839
(80, 5) -> 0.3526667391734758
(80, 35) -> 0.3376471992746589
(85, 0) -> 0.35328044735340497
(85, 1) -> 0.18658886237140487
(85, 4) -> 0.35288546803210613
(85, 6) -> 0.18573605743969288
(86, 0) -> 0.35328044735340497
(86, 1) -> 0.3532555290380715
(86, 12) -> 0.3499945634779233
(89, 0) -> 0.35328044735340497
(89, 1) -> 0.3532555290380715
(89, 3) -> 0.35305729987872775
(95, 2) -> 0.6865142940405172
(95, 19) -> 0.34603628615679277
(97, 1) -> 0.18658886237140487
(97, 3) -> 0.18639063321206112
(97, 6) -> 0.18573605743969288
(97, 12) -> 0.18332789681125664
(97, 13) -> 0.18281528465006236
(97, 20) -> 0.17876520289262382
(101, 0) -> 0.18661378068673828
(101, 1) -> 0.18658886237140487
(101, 3) -> 0.35305729987872775
(101, 6) -> 0.18573605743969288
(101, 22) -> 0.17755927551829417
(102, 5) -> 0.3526667391734758
(102, 10) -> 0.6842699330048816
(104, 5) -> 0.3526667391734758
(104, 8) -> 0.35174684034849946
(104, 11) -> 0.35048052608430247
(109, 17) -> 0.34723257763988313
(109, 22) -> 0.34422594218496083
(109, 24) -> 0.34304263608249397
(110, 0) -> 0.35328044735340497
(110, 1) -> 0.18658886237140487
(110, 2) -> 0.18651429404051725
(110, 8) -> 0.18508017368183283
(110, 11) -> 0.18381385941763584
(113, 3) -> 0.35305729987872775
(113, 4) -> 0.6862188013654394
(116, 0) -> 0.35328044735340497
(116, 1) -> 0.18658886237140487
(116, 5) -> 0.1860000725068091
(116, 9) -> 0.18469301478974906
(116, 15) -> 0.18172353827440685
(118, 0) -> 0.18661378068673828
(118, 1) -> 0.6865888623714048
(118, 4) -> 0.18621880136543945
(119, 0) -> 0.5199471140200717
(119, 1) -> 0.4365888623714048
(119, 4) -> 0.10288546803210613
(120, 0) -> 0.5199471140200717
(120, 2) -> 0.18651429404051725
(120, 12) -> 0.18332789681125664
(120, 66) -> 0.16675279511361935
(122, 2) -> 0.3531809607071839
(122, 20) -> 0.3454318695592905
(122, 96) -> 0.33333353139828786
(130, 0) -> 1.0199471140200715
(132, 21) -> 0.344827440367545
(132, 31) -> 0.3393337833681826
(132, 37) -> 0.33693657705014424
(133, 1) -> 0.6865888623714048
(133, 4) -> 0.35288546803210613
(142, 0) -> 1.0199471140200715
(146, 2) -> 0.6865142940405172
(146, 3) -> 0.35305729987872775
(147, 6) -> 0.6857360574396928
(147, 8) -> 0.35174684034849946
(159, 0) -> 0.6866137806867383
(159, 1) -> 0.3532555290380715
(164, 15) -> 0.3483902049410735
(164, 18) -> 0.3466375958282711
(164, 19) -> 0.34603628615679277
(165, 26) -> 0.34190176293572366
(165, 40) -> 0.6693662149923261
(179, 5) -> 0.3526667391734758
(179, 18) -> 0.3466375958282711
(179, 24) -> 0.34304263608249397
(185, 0) -> 0.18661378068673828
(185, 7) -> 0.3520953506791802
(185, 18) -> 0.1799709291616044
(185, 25) -> 0.17579912093611774
(185, 38) -> 0.1699474574054005
(189, 2) -> 0.3531809607071839
(189, 26) -> 0.34190176293572366
(189, 30) -> 0.33980921311662793
(190, 0) -> 0.5199471140200717
(190, 1) -> 0.18658886237140487
(190, 2) -> 0.18651429404051725
(190, 4) -> 0.18621880136543945
(192, 1) -> 0.6865888623714048
(192, 2) -> 0.3531809607071839
(199, 7) -> 0.3520953506791802
(199, 18) -> 0.3466375958282711
(199, 24) -> 0.34304263608249397
(200, 1) -> 0.3532555290380715
(200, 10) -> 0.3509365996715483
(200, 22) -> 0.34422594218496083
(201, 0) -> 0.35328044735340497
(201, 1) -> 0.5199221957047382
(201, 2) -> 0.18651429404051725
(207, 0) -> 0.35328044735340497
(207, 1) -> 0.3532555290380715
(207, 22) -> 0.34422594218496083
(215, 0) -> 0.13105822513118273
(215, 1) -> 0.24214441792696043
(215, 2) -> 0.2420698495960728
(215, 4) -> 0.1306632458098839
(215, 19) -> 0.12381406393457056
(215, 36) -> 0.2261697301372669
