(0, 0) -> 0.5339331280060857
(0, 1) -> 0.2192228950054375
(0, 2) -> 0.07287793040415362
(0, 3) -> 0.04536499218642009
(0, 4) -> 0.02829339344003154
(0, 5) -> 0.025160911667648292
(0, 6) -> 0.0260623977660332
(0, 7) -> 0.02575502433885389
(0, 8) -> 0.024241012842671997
(0, 9) -> 0.02268835278508706
(0, 10) -> 0.021682520417469056
(0, 11) -> 0.022974698578475027
(0, 12) -> 0.020740484223844065
(0, 13) -> 0.020227872062649796
(0, 14) -> 0.020274701330342725
(0, 15) -> 0.021467128017996634
(0, 16) -> 0.017398330551827053
(0, 17) -> 0.01739574780305332
(0, 18) -> 0.017966267156942405
(0, 19) -> 0.017947708068214697
(0, 20) -> 0.01617779030521125
(0, 21) -> 0.016156111696216315
(0, 22) -> 0.01555461351363219
(0, 23) -> 0.011462314601499903
(0, 24) -> 0.013205806245664146
(0, 25) -> 0.013211708348705177
(0, 26) -> 0.010316681350642117
(0, 27) -> 0.010932919280848894
(0, 28) -> 0.009234625030038994
(0, 29) -> 0.010468031818771512
(0, 30) -> 0.008224131531546336
(0, 31) -> 0.007165951200350447
(0, 32) -> 0.009042545230476276
(0, 33) -> 0.006278747393700067
(0, 34) -> 0.00761620678259726
(0, 35) -> 0.0072276188550784905
(0, 36) -> 0.008026761994298788
(0, 37) -> 0.006516996630563814
(0, 38) -> 0.005611793069736162
(0, 39) -> 0.0058934882171937176
(0, 40) -> 0.0061960518221628996
(0, 41) -> 0.011763610252968463
(0, 42) -> 0.0033646809645225253
(0, 43) -> 0.0025602526622190936
(0, 44) -> 0.002356480225062155
(0, 46) -> 0.0019991024698306414
(0, 49) -> 0.0015746183023403488
(0, 51) -> 0.001937968522220924
(0, 52) -> 0.0018446496271854467
(0, 53) -> 0.0017611133458814245
(0, 54) -> 0.005183051402725792
(0, 55) -> 0.0010374287078301354
(0, 58) -> 0.0008803772037393755
(0, 59) -> 0.0014226332116538624
(0, 60) -> 0.001387093586098066
(0, 61) -> 0.0019387398531628386
(0, 62) -> 0.0013288421183111616
(0, 63) -> 0.0018879646689957206
(0, 65) -> 0.001266953568366154
(0, 70) -> 0.0006263847175028707
(0, 71) -> 0.003533086719645012
(0, 72) -> 0.0006133456792562714
(0, 73) -> 0.0006082738314677921
(0, 74) -> 0.0006039895962781204
(0, 75) -> 0.000600380366868955
(0, 78) -> 0.0005926833563202214
(0, 79) -> 0.0005909134031888949
(0, 84) -> 0.0005856977361384097
(0, 86) -> 0.00116742792533827
(0, 87) -> 0.001167053235854058
(0, 88) -> 0.0005839977063150855
(0, 89) -> 0.0017492513380870944
(0, 90) -> 0.000583549769805928
(0, 91) -> 0.0005833879493696744
(0, 95) -> 0.0005830020581150124
(0, 98) -> 0.0005828725307878774
(0, 99) -> 0.0005828459127957389
(0, 100) -> 0.0011655755014769022
(0, 101) -> 0.0005828084033457617
(0, 102) -> 0.0011655460276769774
(0, 103) -> 0.0011655358865129348
(0, 104) -> 0.0005827773879273062
(0, 109) -> 0.0005827576632541478
(0, 116) -> 0.0005827515714104031
(0, 117) -> 0.000582751321604562
(0, 120) -> 0.0005827508865447253
(0, 121) -> 0.0005827508075256743
(0, 123) -> 0.0005827507048823241
(0, 132) -> 0.0017482517551851483
(0, 133) -> 0.0005827505877289417
(0, 136) -> 0.0005827505845660635
(0, 148) -> 0.0005827505827762215
(0, 149) -> 0.0005827505827682702
(0, 162) -> 0.0005827505827506957
(0, 170) -> 0.0005827505827505869
(0, 174) -> 0.002331002331002332
(0, 199) -> 0.0005827505827505828
(1, 0) -> 0.47523166686560014
(1, 1) -> 0.3451254477372585
(1, 2) -> 0.05643299322750914
(1, 3) -> 0.052244291748646476
(1, 4) -> 0.03174725664999231
(1, 5) -> 0.02746348714095547
(1, 6) -> 0.02313443142343271
(1, 7) -> 0.022827057996253404
(1, 9) -> 0.030221470074301912
(1, 10) -> 0.02166830698862148
(1, 11) -> 0.0212122334013757
(1, 13) -> 0.02021365863380222
(1, 14) -> 0.02374277796915107
(1, 15) -> 0.019121912258146724
(1, 16) -> 0.018549618288480643
(1, 17) -> 0.022029325607362833
(1, 19) -> 0.016767993473865955
(1, 31) -> 0.010065490685255784
(1, 33) -> 0.009178286878605404
(1, 35) -> 0.01650898789254509
(1, 38) -> 0.007345831389140333
(1, 39) -> 0.007044775953847307
(1, 40) -> 0.006764588976065907
(1, 41) -> 0.0065046415793656425
(1, 62) -> 0.0042283816032165
(1, 93) -> 0.004065443009529328
(1, 96) -> 0.004065238715361056
(1, 102) -> 0.00813012616298882
(1, 120) -> 0.004065040954200646
(1, 121) -> 0.004065040875181595
(1, 134) -> 0.004065040653972168
(2, 0) -> 0.344271438344396
(2, 1) -> 0.4343366101191526
(2, 2) -> 0.055883663409886625
(2, 3) -> 0.046750993572421476
(2, 5) -> 0.028342414849151475
(2, 9) -> 0.03604436614110042
(2, 10) -> 0.03562128435623299
(2, 11) -> 0.035165210768987216
(2, 13) -> 0.03416663600141373
(2, 14) -> 0.024621705677347075
(2, 19) -> 0.021711961832468464
(2, 20) -> 0.021107545234966177
(2, 25) -> 0.018141463278460106
(2, 40) -> 0.02071756634367742
(2, 46) -> 0.010425360896089067
(2, 55) -> 0.009463687134088562
(2, 63) -> 0.009148721929752981
(2, 64) -> 0.009128213419082251
(2, 92) -> 0.009009516051612283
(2, 93) -> 0.009009411368131834
(2, 138) -> 0.009009009009924174
(3, 0) -> 0.5755026695756271
(3, 1) -> 0.2051073808899234
(3, 2) -> 0.14947725700348022
(3, 8) -> 0.03693202553368469
(3, 9) -> 0.03654486664160092
(3, 17) -> 0.03241776282506834
(3, 20) -> 0.030617054744475687
(3, 22) -> 0.029411127370146048
(3, 60) -> 0.018740110939115418
(3, 94) -> 0.01851883700977746
(4, 0) -> 0.42735452142747904
(4, 1) -> 0.31621849200103447
(4, 2) -> 0.16799577552199874
(4, 3) -> 0.05676100358243148
(4, 17) -> 0.05093628134358686
(4, 19) -> 0.04973998986049649
(4, 38) -> 0.040317827775770865
(5, 0) -> 0.4366137806867383
(5, 1) -> 0.18658886237140487
(5, 2) -> 0.06151429404051725
(5, 3) -> 0.06139063321206111
(5, 4) -> 0.10288546803210613
(5, 34) -> 0.08803578720217768
(5, 35) -> 0.04598053260799223
(5, 41) -> 0.0441062675956258
(5, 46) -> 0.04308301855374672
(5, 58) -> 0.041964293287655455
(6, 0) -> 0.10328044735340497
(6, 1) -> 0.18658886237140487
(6, 2) -> 0.10318096070718392
(6, 3) -> 0.26972396654539443
(6, 4) -> 0.10288546803210613
(6, 12) -> 0.09999456347792329
(6, 18) -> 0.09663759582827107
(6, 63) -> 0.0834730462540773
(6, 117) -> 0.0833333340721873
(7, 1) -> 0.24214441792696043
(7, 2) -> 0.3531809607071839
(7, 3) -> 0.13083507765650554
(7, 20) -> 0.12320964733706827
(7, 21) -> 0.12260521814532276
(7, 23) -> 0.12140792454710984
(8, 0) -> 0.18661378068673828
(8, 1) -> 0.3532555290380715
(8, 2) -> 0.18651429404051725
(8, 3) -> 0.18639063321206112
(8, 5) -> 0.10266673917347578
(8, 12) -> 0.09999456347792329
(9, 0) -> 0.10328044735340497
(9, 1) -> 0.18658886237140487
(9, 2) -> 0.18651429404051725
(9, 4) -> 0.10288546803210613
(9, 5) -> 0.10266673917347578
(9, 30) -> 0.08980921311662791
(9, 36) -> 0.17061417458171135
(9, 37) -> 0.08693657705014422
(9, 38) -> 0.08661412407206716
(10, 3) -> 0.18639063321206112
(10, 9) -> 0.18469301478974906
(10, 11) -> 0.18381385941763587
(10, 14) -> 0.18227936333500472
(10, 29) -> 0.17363819498893468
(10, 35) -> 0.1709805326079922
(11, 0) -> 0.4643915584645161
(11, 1) -> 0.13103330681584932
(11, 5) -> 0.13044451695125356
(11, 8) -> 0.12952461812627727
(11, 9) -> 0.1291374592341935
(11, 34) -> 0.11581356497995546
(13, 1) -> 0.24214441792696043
(13, 2) -> 0.3531809607071839
(13, 7) -> 0.129873128456958
(13, 8) -> 0.12952461812627727
(13, 201) -> 0.1111111111111111
(13, 211) -> 0.1111111111111111
(14, 0) -> 0.35328044735340497
(14, 1) -> 0.13103330681584932
(14, 5) -> 0.13044451695125356
(14, 6) -> 0.13018050188413732
(14, 7) -> 0.2409842395680691
(14, 26) -> 0.11967954071350148
(15, 1) -> 0.24214441792696043
(15, 2) -> 0.1309587384849617
(15, 3) -> 0.13083507765650554
(15, 6) -> 0.13018050188413732
(15, 9) -> 0.1291374592341935
(15, 35) -> 0.22653608816354776
(15, 62) -> 0.1112744520639211
(16, 0) -> 0.18661378068673828
(16, 1) -> 0.18658886237140487
(16, 3) -> 0.18639063321206112
(16, 4) -> 0.18621880136543945
(16, 5) -> 0.18600007250680908
(16, 8) -> 0.18508017368183283
(17, 0) -> 0.35328044735340497
(17, 2) -> 0.3531809607071839
(17, 8) -> 0.35174684034849946
(18, 0) -> 0.35328044735340497
(18, 5) -> 0.6860000725068089
(19, 0) -> 0.5199471140200717
(19, 3) -> 0.18639063321206112
(19, 5) -> 0.18600007250680908
(19, 17) -> 0.18056591097321648
(20, 0) -> 0.10328044735340497
(20, 1) -> 0.4365888623714049
(20, 2) -> 0.10318096070718392
(20, 3) -> 0.18639063321206112
(20, 4) -> 0.10288546803210613
(20, 24) -> 0.09304263608249398
(20, 26) -> 0.09190176293572369
(21, 1) -> 0.3532555290380715
(21, 2) -> 0.3531809607071839
(21, 3) -> 0.35305729987872775
(22, 0) -> 0.35328044735340497
(22, 1) -> 0.6865888623714048
(24, 9) -> 0.3513596814564157
(24, 13) -> 0.34948195131672904
(24, 35) -> 0.33764719927465886
(25, 1) -> 0.6865888623714048
(25, 2) -> 0.3531809607071839
(26, 0) -> 0.35328044735340497
(26, 1) -> 0.6865888623714048
(28, 121) -> 0.3333333335581084
(28, 134) -> 0.6666666666702323
(29, 0) -> 0.6866137806867383
(29, 2) -> 0.1309587384849617
(29, 3) -> 0.13083507765650554
(29, 8) -> 0.12952461812627727
(32, 0) -> 0.24216933624229384
(32, 1) -> 0.13103330681584932
(32, 2) -> 0.2420698495960728
(32, 5) -> 0.13044451695125356
(32, 10) -> 0.23982548856043717
(32, 11) -> 0.12825830386208031
(34, 0) -> 0.35328044735340497
(34, 1) -> 0.3532555290380715
(34, 2) -> 0.3531809607071839
(35, 14) -> 0.3489460300016714
(35, 22) -> 0.34422594218496083
(35, 29) -> 0.3403048616556013
(36, 0) -> 0.4317118199024246
(36, 1) -> 0.25521631335179706
(36, 2) -> 0.1178868430601251
(36, 3) -> 0.05893965281990425
(36, 4) -> 0.11759135038504731
(36, 5) -> 0.03894124897739737
(36, 8) -> 0.03802135015242107
(36, 9) -> 0.047438112828964756
(36, 12) -> 0.026465151713217436
(36, 13) -> 0.025952539552023167
(36, 16) -> 0.02428849920670159
(36, 17) -> 0.023703165875177276
(36, 18) -> 0.02310818406356519
(37, 1) -> 0.3532555290380715
(37, 4) -> 0.6862188013654394
(39, 11) -> 1.0171471927509692
(40, 22) -> 0.34422594218496083
(40, 26) -> 0.34190176293572366
(40, 32) -> 0.3388793750673061
(41, 6) -> 0.35240272410635953
(41, 21) -> 0.344827440367545
(41, 23) -> 0.34363014676933207
(43, 0) -> 0.35328044735340497
(43, 6) -> 0.35240272410635953
(43, 9) -> 0.3513596814564157
(44, 10) -> 0.6842699330048816
(44, 16) -> 0.34781791097140746
(45, 14) -> 0.3489460300016714
(45, 36) -> 0.33728084124837804
(45, 37) -> 0.33693657705014424
(48, 21) -> 0.344827440367545
(48, 71) -> 0.33336991655647485
(48, 73) -> 0.3333588565820505
(53, 1) -> 0.3532555290380715
(53, 5) -> 0.35266673917347574
(53, 19) -> 0.34603628615679277
(57, 0) -> 0.18661378068673828
(57, 1) -> 0.3532555290380715
(57, 16) -> 0.1811512443047408
(57, 22) -> 0.17755927551829417
(57, 56) -> 0.16706243924581565
(61, 0) -> 0.18661378068673828
(61, 1) -> 0.3532555290380715
(61, 2) -> 0.18651429404051725
(61, 8) -> 0.18508017368183283
(61, 37) -> 0.17026991038347755
(62, 0) -> 0.35328044735340497
(62, 22) -> 0.6775592755182942
(64, 0) -> 0.13105822513118273
(64, 1) -> 0.13103330681584932
(64, 5) -> 0.13044451695125356
(64, 15) -> 0.12616798271885132
(64, 23) -> 0.12140792454710984
(64, 24) -> 0.12082041386027176
(64, 25) -> 0.2313546764916733
(64, 49) -> 0.11210297883070088
(70, 0) -> 0.35328044735340497
(70, 10) -> 0.18426993300488165
(70, 17) -> 0.18056591097321648
(70, 29) -> 0.17363819498893468
(70, 34) -> 0.171369120535511
(71, 21) -> 0.344827440367545
(71, 22) -> 0.34422594218496083
(71, 41) -> 0.33577293426229243
(73, 2) -> 0.6865142940405172
(73, 4) -> 0.35288546803210613
(74, 0) -> 1.0199471140200715
(75, 0) -> 0.6866137806867383
(75, 3) -> 0.35305729987872775
(79, 4) -> 0.35288546803210613
(79, 10) -> 0.3509365996715483
(79, 44) -> 0.3351070629756449
(80, 2) -> 0.3531809607071839
(80, 30) -> 0.33980921311662793
(80, 42) -> 0.33553251313235466
(85, 1) -> 0.3532555290380715
(85, 12) -> 0.1833278968112566
(85, 19) -> 0.34603628615679277
(85, 20) -> 0.17876520289262382
(86, 0) -> 0.35328044735340497
(86, 1) -> 0.3532555290380715
(86, 2) -> 0.3531809607071839
(89, 2) -> 0.3531809607071839
(89, 3) -> 0.35305729987872775
(89, 27) -> 0.3413524997004293
(95, 0) -> 0.35328044735340497
(95, 1) -> 0.3532555290380715
(95, 2) -> 0.3531809607071839
(97, 0) -> 0.18661378068673828
(97, 2) -> 0.3531809607071839
(97, 3) -> 0.18639063321206112
(97, 4) -> 0.18621880136543945
(97, 40) -> 0.16936621499232607
(101, 2) -> 0.18651429404051725
(101, 21) -> 0.17816077370087832
(101, 36) -> 0.17061417458171135
(101, 43) -> 0.3353108354128018
(101, 45) -> 0.16825364925845002
(102, 0) -> 0.35328044735340497
(102, 1) -> 0.3532555290380715
(102, 10) -> 0.3509365996715483
(104, 1) -> 0.3532555290380715
(104, 8) -> 0.6850801736818328
(109, 0) -> 0.35328044735340497
(109, 1) -> 0.3532555290380715
(109, 24) -> 0.34304263608249397
(110, 1) -> 0.8532555290380716
(110, 2) -> 0.18651429404051725
(113, 0) -> 0.35328044735340497
(113, 1) -> 0.3532555290380715
(113, 12) -> 0.34999456347792324
(116, 0) -> 0.35328044735340497
(116, 2) -> 0.5198476273738506
(116, 6) -> 0.18573605743969288
(118, 1) -> 0.5199221957047382
(118, 2) -> 0.18651429404051725
(118, 3) -> 0.18639063321206112
(118, 39) -> 0.16964640197010747
(119, 0) -> 0.7699471140200717
(119, 1) -> 0.18658886237140487
(119, 12) -> 0.09999456347792329
(120, 2) -> 0.18651429404051725
(120, 6) -> 0.18573605743969288
(120, 7) -> 0.3520953506791802
(120, 30) -> 0.17314254644996124
(120, 40) -> 0.16936621499232607
(122, 0) -> 0.35328044735340497
(122, 38) -> 0.33661412407206714
(122, 104) -> 0.33333336013851006
(130, 0) -> 1.0199471140200715
(132, 0) -> 0.35328044735340497
(132, 1) -> 0.3532555290380715
(132, 6) -> 0.35240272410635953
(133, 17) -> 0.34723257763988313
(133, 18) -> 0.6799709291616044
(142, 1) -> 1.0199221957047382
(146, 1) -> 0.6865888623714048
(146, 14) -> 0.3489460300016714
(147, 7) -> 1.018762017345847
(159, 0) -> 0.35328044735340497
(159, 2) -> 0.3531809607071839
(159, 6) -> 0.35240272410635953
(164, 1) -> 0.3532555290380715
(164, 4) -> 0.6862188013654394
(165, 2) -> 0.3531809607071839
(165, 3) -> 0.35305729987872775
(165, 4) -> 0.35288546803210613
(179, 0) -> 0.35328044735340497
(179, 1) -> 0.3532555290380715
(179, 4) -> 0.35288546803210613
(185, 1) -> 0.18658886237140487
(185, 3) -> 0.18639063321206112
(185, 17) -> 0.34723257763988313
(185, 39) -> 0.16964640197010747
(185, 42) -> 0.16886584646568803
(189, 0) -> 0.35328044735340497
(189, 1) -> 0.3532555290380715
(189, 21) -> 0.344827440367545
(190, 0) -> 0.35328044735340497
(190, 1) -> 0.18658886237140487
(190, 13) -> 0.18281528465006236
(190, 16) -> 0.34781791097140746
(192, 0) -> 0.35328044735340497
(192, 2) -> 0.3531809607071839
(192, 42) -> 0.33553251313235466
(199, 1) -> 0.3532555290380715
(199, 2) -> 0.3531809607071839
(199, 22) -> 0.34422594218496083
(200, 0) -> 0.35328044735340497
(200, 4) -> 0.6862188013654394
(201, 0) -> 0.35328044735340497
(201, 1) -> 0.6865888623714048
(207, 1) -> 0.6865888623714048
(207, 13) -> 0.34948195131672904
(215, 0) -> 0.13105822513118273
(215, 1) -> 0.4643666401491826
(215, 2) -> 0.2420698495960728
(215, 20) -> 0.12320964733706827
(215, 22) -> 0.12200371996273864
