(0, 0) -> 0.4685346846415406
(0, 1) -> 0.277549314348806
(0, 2) -> 0.07747474601791839
(0, 3) -> 0.037803062590592185
(0, 4) -> 0.0466707787665694
(0, 5) -> 0.027243010359916477
(0, 6) -> 0.03036882580127479
(0, 7) -> 0.028931508871270627
(0, 8) -> 0.030842885546239616
(0, 9) -> 0.029325783151330987
(0, 10) -> 0.02099309684668955
(0, 11) -> 0.018277136253794058
(0, 12) -> 0.02005106065306456
(0, 13) -> 0.01953844849187029
(0, 14) -> 0.0201324706796375
(0, 15) -> 0.018446702116214797
(0, 16) -> 0.016744464643723856
(0, 17) -> 0.016159131312199544
(0, 18) -> 0.01669409300341232
(0, 19) -> 0.01496283982910917
(0, 20) -> 0.016618310237256604
(0, 21) -> 0.01601388104551109
(0, 22) -> 0.01654232636575182
(0, 23) -> 0.013686643944473314
(0, 25) -> 0.015912115286400248
(0, 27) -> 0.010279053372745697
(0, 28) -> 0.008616316784612103
(0, 29) -> 0.009231415327917733
(0, 31) -> 0.007130393537674139
(0, 32) -> 0.007805928739622497
(0, 33) -> 0.0062431897310237594
(0, 35) -> 0.005443809444150435
(0, 36) -> 0.006207394920694425
(0, 37) -> 0.004733187219635759
(0, 38) -> 0.005540677744383548
(0, 39) -> 0.005239622309090522
(0, 40) -> 0.006089378834133979
(0, 41) -> 0.0035695444317839975
(0, 42) -> 0.003329123301846219
(0, 44) -> 0.002903673145136431
(0, 45) -> 0.00271692609460823
(0, 50) -> 0.0031363020303281446
(0, 54) -> 0.0027809337463708473
(0, 55) -> 0.0061043956392038455
(0, 57) -> 0.002603525340180416
(0, 60) -> 0.0013515359234217593
(0, 62) -> 0.0024232279584597135
(0, 64) -> 0.00237909141572296
(0, 69) -> 0.002311801070432788
(0, 71) -> 0.0011665267259663744
(0, 73) -> 0.0022854102543669267
(0, 77) -> 0.0011419998318361584
(0, 79) -> 0.00226804982608803
(0, 81) -> 0.002265358707821708
(0, 82) -> 0.0011344065856837154
(0, 83) -> 0.0011335747993399714
(0, 84) -> 0.003392777661862403
(0, 85) -> 0.0022622729374767777
(0, 86) -> 0.0011318702626619632
(0, 92) -> 0.001130450545428133
(0, 95) -> 0.0011301949781892884
(0, 98) -> 0.0011300654508621534
(0, 99) -> 0.001130038832870015
(0, 109) -> 0.001129950583328424
(0, 132) -> 0.0011299435097582588
(0, 137) -> 0.00112994350411545
(0, 140) -> 0.0011299435032815948
(0, 155) -> 0.001129943502826668
(0, 163) -> 0.001129943502824934
(0, 167) -> 0.0011299435028248733
(0, 169) -> 0.001129943502824865
(0, 170) -> 0.0022598870056497215
(0, 172) -> 0.0011299435028248605
(0, 176) -> 0.001129943502824859
(1, 0) -> 0.3694094796114695
(1, 1) -> 0.2887394000058135
(1, 2) -> 0.1219981650082592
(1, 3) -> 0.0627347192335665
(1, 4) -> 0.04105751104285882
(1, 6) -> 0.02444573485904771
(1, 7) -> 0.02951470551788991
(1, 8) -> 0.03991888335925219
(1, 9) -> 0.03953172446716842
(1, 10) -> 0.022979610424236484
(1, 11) -> 0.022523536836990703
(1, 12) -> 0.022037574230611492
(1, 15) -> 0.025809559779783234
(1, 17) -> 0.019275588392571333
(1, 18) -> 0.01868060658095925
(1, 19) -> 0.018079296909480957
(1, 20) -> 0.017474880311978677
(1, 24) -> 0.02046199092120366
(1, 25) -> 0.019885142441494107
(1, 32) -> 0.01629872990601579
(1, 40) -> 0.00807589241168091
(1, 43) -> 0.0073538461654900165
(1, 49) -> 0.006368211805611272
(1, 50) -> 0.006252759110699933
(1, 62) -> 0.016292373210874515
(1, 65) -> 0.005477796488886494
(1, 78) -> 0.0053862768595911445
(1, 86) -> 0.00537827084585861
(1, 92) -> 0.00537685112862478
(1, 127) -> 0.005376344121012836
(1, 155) -> 0.005376344086023315
(1, 180) -> 0.005376344086021506
(2, 0) -> 0.38553851186953403
(2, 1) -> 0.3102447763498995
(2, 2) -> 0.08436375640610867
(2, 3) -> 0.051982031061523486
(2, 4) -> 0.030304822870815807
(2, 5) -> 0.040838782184228484
(2, 6) -> 0.02982207894506922
(2, 8) -> 0.02916619518720918
(2, 9) -> 0.03953172446716842
(2, 10) -> 0.028355954510257988
(2, 11) -> 0.02789988092301221
(2, 13) -> 0.03765399432748174
(2, 14) -> 0.026365384840381076
(2, 15) -> 0.03656224795182625
(2, 17) -> 0.03540462065063585
(2, 20) -> 0.02285122439800018
(2, 34) -> 0.02620783021293037
(2, 35) -> 0.015066554113368588
(2, 40) -> 0.013452236497702415
(2, 107) -> 0.010752700322235718
(2, 108) -> 0.010752697458852234
(3, 0) -> 0.2831050087569138
(3, 1) -> 0.38834324833631717
(3, 2) -> 0.10756692561946464
(3, 3) -> 0.03726782619451725
(3, 5) -> 0.07196498478751089
(3, 8) -> 0.10613280526078021
(3, 11) -> 0.03469105240009201
(3, 18) -> 0.030848122144060554
(3, 23) -> 0.027840673085121545
(3, 48) -> 0.018663586163864956
(3, 49) -> 0.018535727368712576
(3, 95) -> 0.017544111124487238
(3, 98) -> 0.017543981597160103
(4, 0) -> 0.15328044735340496
(4, 1) -> 0.3199221957047382
(4, 2) -> 0.18651429404051725
(4, 3) -> 0.08639063321206111
(4, 4) -> 0.08621880136543947
(4, 5) -> 0.08600007250680913
(4, 7) -> 0.05209535067918023
(4, 10) -> 0.05093659967154831
(4, 13) -> 0.04948195131672905
(4, 15) -> 0.04839020494107356
(4, 19) -> 0.04603628615679278
(4, 44) -> 0.035107062975644907
(5, 0) -> 0.18661378068673828
(5, 1) -> 0.3532555290380715
(5, 2) -> 0.18651429404051725
(5, 4) -> 0.10288546803210613
(5, 18) -> 0.09663759582827107
(5, 32) -> 0.0888793750673061
(5, 50) -> 0.08420974835801176
(6, 0) -> 0.24216933624229386
(6, 1) -> 0.24214441792696045
(6, 2) -> 0.1309587384849617
(6, 3) -> 0.13083507765650557
(6, 4) -> 0.07510769025432835
(6, 10) -> 0.07315882189377054
(6, 12) -> 0.07221678570014554
(6, 19) -> 0.06825850837901501
(6, 24) -> 0.0652648583047162
(6, 44) -> 0.05732928519786713
(7, 0) -> 0.0866137806867383
(7, 1) -> 0.2199221957047382
(7, 2) -> 0.21984762737385058
(7, 3) -> 0.1530572998787278
(7, 4) -> 0.21955213469877277
(7, 26) -> 0.07523509626905703
(7, 27) -> 0.07468583303376264
(7, 30) -> 0.07314254644996125
(8, 1) -> 0.18658886237140487
(8, 2) -> 0.10318096070718392
(8, 3) -> 0.10305729987872778
(8, 4) -> 0.18621880136543945
(8, 23) -> 0.17696348010266538
(8, 30) -> 0.08980921311662791
(8, 37) -> 0.08693657705014422
(8, 50) -> 0.08420974835801176
(8, 64) -> 0.08345253774340657
(9, 0) -> 0.26994711402007165
(9, 2) -> 0.10318096070718392
(9, 3) -> 0.10305729987872778
(9, 4) -> 0.10288546803210613
(9, 5) -> 0.1860000725068091
(9, 7) -> 0.10209535067918023
(9, 14) -> 0.09894603000167139
(9, 16) -> 0.09781791097140746
(9, 20) -> 0.0954318695592905
(10, 0) -> 0.24216933624229386
(10, 1) -> 0.24214441792696045
(10, 4) -> 0.13066324580988392
(10, 6) -> 0.24129161299524846
(10, 14) -> 0.1267238077794492
(10, 26) -> 0.11967954071350148
(11, 0) -> 0.35328044735340497
(11, 2) -> 0.18651429404051725
(11, 9) -> 0.18469301478974906
(11, 14) -> 0.18227936333500472
(11, 26) -> 0.17523509626905703
(12, 8) -> 0.6850801736818328
(12, 9) -> 0.3513596814564157
(13, 5) -> 0.3526667391734758
(13, 8) -> 0.35174684034849946
(13, 16) -> 0.34781791097140746
(14, 0) -> 0.13105822513118276
(14, 1) -> 0.24214441792696045
(14, 2) -> 0.1309587384849617
(14, 5) -> 0.1304445169512536
(14, 14) -> 0.1267238077794492
(14, 22) -> 0.12200371996273865
(14, 26) -> 0.11967954071350148
(14, 29) -> 0.11808263943337913
(15, 0) -> 0.18661378068673828
(15, 1) -> 0.3532555290380715
(15, 2) -> 0.3531809607071839
(15, 3) -> 0.18639063321206112
(16, 7) -> 0.3520953506791802
(16, 10) -> 0.6842699330048816
(17, 0) -> 0.5755026695756272
(17, 1) -> 0.13103330681584932
(17, 6) -> 0.13018050188413732
(17, 17) -> 0.12501035541766095
(17, 43) -> 0.11308861319057963
(18, 22) -> 0.34422594218496083
(18, 27) -> 0.3413524997004293
(18, 28) -> 0.34081970661512057
(19, 1) -> 0.18658886237140487
(19, 3) -> 0.35305729987872775
(19, 4) -> 0.18621880136543945
(19, 8) -> 0.18508017368183283
(19, 14) -> 0.18227936333500472
(20, 0) -> 0.353280447353405
(20, 1) -> 0.13103330681584932
(20, 11) -> 0.12825830386208031
(20, 13) -> 0.12725972909450683
(20, 29) -> 0.11808263943337913
(20, 31) -> 0.22822267225707152
(21, 1) -> 0.6865888623714048
(21, 33) -> 0.33844657956153223
(22, 9) -> 0.3513596814564157
(22, 10) -> 0.18426993300488165
(22, 12) -> 0.3499945634779233
(22, 14) -> 0.18227936333500472
(24, 0) -> 0.8866137806867382
(24, 1) -> 0.15325552903807155
(25, 1) -> 0.18658886237140487
(25, 2) -> 0.18651429404051725
(25, 3) -> 0.35305729987872775
(25, 4) -> 0.18621880136543945
(25, 44) -> 0.16844039630897822
(26, 0) -> 0.18661378068673828
(26, 1) -> 0.3532555290380715
(26, 2) -> 0.3531809607071839
(26, 3) -> 0.18639063321206112
(27, 0) -> 0.6866137806867383
(27, 1) -> 0.2199221957047382
(27, 2) -> 0.08651429404051726
(27, 6) -> 0.08573605743969287
(28, 0) -> 0.8826922120592874
(28, 1) -> 0.09835356825375781
(28, 6) -> 0.038677233910281106
(28, 7) -> 0.0383698604831018
(28, 19) -> 0.03231079596071436
(29, 1) -> 0.2199221957047382
(29, 2) -> 0.08651429404051726
(29, 3) -> 0.1530572998787278
(29, 9) -> 0.08469301478974907
(29, 13) -> 0.14948195131672903
(29, 14) -> 0.21561269666833804
(29, 15) -> 0.14839020494107355
(29, 21) -> 0.07816077370087832
(30, 0) -> 0.13105822513118276
(30, 10) -> 0.1287143774493261
(30, 21) -> 0.12260521814532277
(30, 22) -> 0.12200371996273865
(30, 23) -> 0.23251903565822096
(30, 26) -> 0.11967954071350148
(30, 32) -> 0.11665715284508389
(30, 68) -> 0.11117272206953477
(32, 1) -> 0.5199221957047382
(32, 2) -> 0.18651429404051725
(32, 3) -> 0.18639063321206112
(32, 4) -> 0.18621880136543945
(33, 0) -> 0.2792063732793309
(33, 1) -> 0.3902925660751086
(33, 2) -> 0.1309587384849617
(33, 3) -> 0.05676100358243149
(33, 4) -> 0.05658917173580984
(33, 5) -> 0.0563704428771795
(33, 9) -> 0.05506338516011944
(33, 11) -> 0.054184229788006244
(33, 14) -> 0.05264973370537511
(33, 17) -> 0.05093628134358687
(34, 0) -> 0.6359381050110626
(34, 1) -> 0.25866093444347693
(34, 2) -> 0.04462240214862537
(34, 3) -> 0.052381624203052105
(34, 4) -> 0.04207465722129532
(34, 5) -> 0.02609016259689922
(34, 6) -> 0.03033065203428747
(34, 7) -> 0.024392647976477527
(34, 8) -> 0.024044137645796798
(34, 9) -> 0.02590923100596528
(34, 10) -> 0.020981644716593355
(34, 11) -> 0.021651697255473702
(34, 12) -> 0.023417986901346742
(34, 13) -> 0.01840087023564797
(34, 14) -> 0.018991075046716443
(34, 15) -> 0.017309123859992476
(34, 16) -> 0.01673682989032639
(34, 18) -> 0.01443038862106387
(34, 31) -> 0.0071265761609754065
(34, 94) -> 0.0011264446173850694
(35, 0) -> 0.5199471140200717
(35, 3) -> 0.18639063321206112
(35, 4) -> 0.18621880136543945
(35, 5) -> 0.1860000725068091
(36, 0) -> 1.0199471140200715
(37, 0) -> 0.24216933624229386
(37, 1) -> 0.24214441792696045
(37, 3) -> 0.13083507765650557
(37, 30) -> 0.22869810200551682
(37, 32) -> 0.11665715284508389
(37, 35) -> 0.11542497705243669
(39, 0) -> 0.35328044735340497
(39, 1) -> 0.6865888623714048
(40, 0) -> 0.13105822513118276
(40, 8) -> 0.1295246181262773
(40, 9) -> 0.1291374592341935
(40, 24) -> 0.12082041386027177
(40, 47) -> 0.11237202210687083
(40, 64) -> 0.22234142663229547
(40, 77) -> 0.11112316744012242
(40, 81) -> 0.11111658281328311
(41, 0) -> 0.35328044735340497
(41, 1) -> 0.6865888623714048
(47, 20) -> 0.6787652028926238
(47, 26) -> 0.34190176293572366
(48, 1) -> 0.5199221957047382
(48, 20) -> 0.17876520289262382
(48, 23) -> 0.17696348010266538
(48, 30) -> 0.17314254644996124
(49, 0) -> 0.35328044735340497
(49, 1) -> 0.3532555290380715
(49, 14) -> 0.3489460300016714
(51, 0) -> 0.18661378068673828
(51, 1) -> 0.10325552903807153
(51, 2) -> 0.18651429404051725
(51, 15) -> 0.09839020494107355
(51, 32) -> 0.0888793750673061
(51, 33) -> 0.08844657956153223
(51, 51) -> 0.08410580069005309
(51, 96) -> 0.08333353139828788
(51, 112) -> 0.16666666975797692
(52, 26) -> 0.34190176293572366
(52, 36) -> 0.33728084124837804
(52, 37) -> 0.33693657705014424
(54, 0) -> 0.18661378068673828
(54, 1) -> 0.3532555290380715
(54, 22) -> 0.17755927551829417
(54, 23) -> 0.17696348010266538
(54, 51) -> 0.16743913402338642
(57, 1) -> 0.3532555290380715
(57, 2) -> 0.5198476273738506
(57, 3) -> 0.18639063321206112
(58, 0) -> 0.13105822513118276
(58, 1) -> 0.5754777512602938
(58, 2) -> 0.1309587384849617
(58, 3) -> 0.13083507765650557
(58, 46) -> 0.11252746299819118
(60, 19) -> 0.34603628615679277
(60, 30) -> 0.33980921311662793
(60, 34) -> 0.33803578720217764
(61, 0) -> 0.18661378068673828
(61, 1) -> 0.18658886237140487
(61, 2) -> 0.18651429404051725
(61, 70) -> 0.16671030080141894
(61, 97) -> 0.1666668222754456
(61, 127) -> 0.166666666701658
(63, 1) -> 1.0199221957047382
(64, 5) -> 0.3526667391734758
(64, 6) -> 0.35240272410635953
(64, 17) -> 0.34723257763988313
(65, 1) -> 0.3532555290380715
(65, 3) -> 0.35305729987872775
(65, 4) -> 0.35288546803210613
(66, 0) -> 0.35328044735340497
(66, 1) -> 0.18658886237140487
(66, 4) -> 0.18621880136543945
(66, 5) -> 0.1860000725068091
(66, 25) -> 0.17579912093611774
(69, 0) -> 0.18661378068673828
(69, 2) -> 0.18651429404051725
(69, 3) -> 0.35305729987872775
(69, 6) -> 0.18573605743969288
(69, 40) -> 0.16936621499232607
(70, 0) -> 0.20513229920525683
(70, 1) -> 0.09399626977881229
(70, 2) -> 0.24206984959607283
(70, 3) -> 0.13083507765650557
(70, 6) -> 0.05610642781006325
(70, 9) -> 0.05506338516011944
(70, 13) -> 0.05318565502043276
(70, 31) -> 0.04303748707188632
(70, 38) -> 0.04031782777577087
(70, 40) -> 0.03973658536269645
(70, 42) -> 0.0392362168360584
(70, 59) -> 0.03729416908318974
(70, 84) -> 0.03703998419042487
(70, 106) -> 0.037037052893783125
(70, 120) -> 0.037037037340831185
(71, 1) -> 0.35325552903807156
(71, 2) -> 0.24206984959607283
(71, 6) -> 0.13018050188413732
(71, 13) -> 0.12725972909450683
(71, 40) -> 0.11381065943677052
(71, 44) -> 0.11288484075342269
(74, 4) -> 0.3528854680321062
(74, 8) -> 0.1295246181262773
(74, 9) -> 0.24024857034530464
(74, 37) -> 0.11471435482792201
(74, 84) -> 0.11111405826449895
(74, 85) -> 0.11111349704293817
(75, 4) -> 0.35288546803210613
(75, 6) -> 0.35240272410635953
(75, 34) -> 0.33803578720217764
(77, 17) -> 0.34723257763988313
(77, 21) -> 0.6781607737008782
(79, 0) -> 0.6866137806867383
(79, 2) -> 0.3531809607071839
(80, 8) -> 0.35174684034849946
(80, 30) -> 0.33980921311662793
(80, 61) -> 0.3335238214382444
(81, 0) -> 0.35328044735340497
(81, 1) -> 0.3532555290380715
(81, 35) -> 0.3376471992746589
(84, 2) -> 0.3531809607071839
(84, 3) -> 0.35305729987872775
(84, 35) -> 0.3376471992746589
(86, 21) -> 0.344827440367545
(86, 31) -> 0.3393337833681826
(86, 42) -> 0.33553251313235466
(89, 2) -> 0.3531809607071839
(89, 33) -> 0.33844657956153223
(89, 34) -> 0.33803578720217764
(91, 0) -> 0.35328044735340497
(91, 4) -> 0.35288546803210613
(91, 21) -> 0.344827440367545
(94, 0) -> 0.18661378068673828
(94, 1) -> 0.3532555290380715
(94, 4) -> 0.18621880136543945
(94, 6) -> 0.18573605743969288
(94, 21) -> 0.17816077370087832
(98, 1) -> 0.6865888623714048
(98, 12) -> 0.3499945634779233
(100, 0) -> 0.5199471140200717
(100, 1) -> 0.3532555290380715
(100, 36) -> 0.17061417458171135
(101, 16) -> 0.34781791097140746
(101, 29) -> 0.6736381949889346
(105, 1) -> 0.3532555290380715
(105, 60) -> 0.3335549257539302
(105, 85) -> 0.33333571926516037
(109, 1) -> 0.6865888623714048
(109, 3) -> 0.35305729987872775
(110, 3) -> 0.35305729987872775
(110, 22) -> 0.34422594218496083
(110, 23) -> 0.34363014676933207
(113, 10) -> 0.18426993300488165
(113, 12) -> 0.8499945634779233
(114, 5) -> 0.1860000725068091
(114, 26) -> 0.17523509626905703
(114, 27) -> 0.17468583303376264
(114, 55) -> 0.1671213447917462
(114, 74) -> 0.1666879056801942
(114, 75) -> 0.16668429645078503
(116, 0) -> 0.35328044735340497
(116, 1) -> 0.3532555290380715
(116, 28) -> 0.1741530399484539
(116, 38) -> 0.1699474574054005
(121, 0) -> 0.35328044735340497
(121, 77) -> 0.3333453896623446
(121, 78) -> 0.33334326610690296
(123, 3) -> 0.35305729987872775
(123, 6) -> 0.35240272410635953
(123, 7) -> 0.3520953506791802
(126, 0) -> 0.35328044735340497
(126, 3) -> 0.35305729987872775
(126, 7) -> 0.3520953506791802
(127, 16) -> 0.34781791097140746
(127, 22) -> 0.34422594218496083
(127, 47) -> 0.334594244329093
(128, 53) -> 0.33392894551371355
(128, 73) -> 0.3333588565820505
(128, 74) -> 0.33335457234686083
(137, 0) -> 0.35328044735340497
(137, 1) -> 0.3532555290380715
(137, 6) -> 0.35240272410635953
(138, 1) -> 0.3532555290380715
(138, 14) -> 0.6822793633350047
(139, 4) -> 0.35288546803210613
(139, 37) -> 0.33693657705014424
(139, 55) -> 0.33378801145841286
(140, 0) -> 0.35328044735340497
(140, 1) -> 0.3532555290380715
(140, 2) -> 0.3531809607071839
(141, 2) -> 0.46429207181829507
(141, 18) -> 0.12441537360604886
(141, 28) -> 0.2297085955040095
(141, 40) -> 0.11381065943677052
(141, 56) -> 0.11150688369026011
(144, 0) -> 0.24216933624229386
(144, 1) -> 0.13103330681584932
(144, 5) -> 0.1304445169512536
(144, 6) -> 0.13018050188413732
(144, 21) -> 0.12260521814532277
(144, 28) -> 0.11859748439289837
(144, 29) -> 0.11808263943337913
(144, 35) -> 0.11542497705243669
(146, 4) -> 0.6862188013654394
(146, 10) -> 0.3509365996715483
(147, 4) -> 0.13066324580988392
(147, 6) -> 0.13018050188413732
(147, 7) -> 0.12987312845695803
(147, 8) -> 0.1295246181262773
(147, 19) -> 0.12381406393457058
(147, 27) -> 0.11913027747820709
(147, 28) -> 0.11859748439289837
(147, 69) -> 0.11116302517589419
(147, 92) -> 0.1111116181537144
(152, 16) -> 0.34781791097140746
(152, 19) -> 0.34603628615679277
(152, 60) -> 0.3335549257539302
(153, 2) -> 0.3531809607071839
(153, 5) -> 0.3526667391734758
(153, 65) -> 0.3334347857361983
(157, 1) -> 0.6865888623714048
(157, 3) -> 0.35305729987872775
(166, 1) -> 0.3532555290380715
(166, 27) -> 0.3413524997004293
(166, 36) -> 0.33728084124837804
(167, 1) -> 0.3532555290380715
(167, 2) -> 0.3531809607071839
(167, 4) -> 0.35288546803210613
(177, 26) -> 0.34190176293572366
(177, 41) -> 0.33577293426229243
(177, 42) -> 0.33553251313235466
(178, 1) -> 0.5199221957047382
(178, 23) -> 0.17696348010266538
(178, 24) -> 0.1763759694158273
(178, 62) -> 0.16683000761947667
(181, 1) -> 0.3532555290380715
(181, 5) -> 0.3526667391734758
(181, 25) -> 0.3424657876027844
(182, 20) -> 0.3454318695592905
(182, 21) -> 0.344827440367545
(182, 22) -> 0.34422594218496083
(192, 0) -> 0.5199471140200717
(192, 1) -> 0.3532555290380715
(192, 5) -> 0.1860000725068091
(193, 1) -> 0.18658886237140487
(193, 2) -> 0.5198476273738506
(193, 7) -> 0.3520953506791802
(195, 2) -> 1.0198476273738506
(196, 16) -> 0.34781791097140746
(196, 21) -> 0.6781607737008782
(204, 0) -> 1.0199471140200715
(221, 0) -> 0.35328044735340497
(221, 17) -> 0.34723257763988313
(221, 18) -> 0.3466375958282711
(233, 2) -> 0.3531809607071839
(233, 83) -> 0.3333369646298484
(233, 105) -> 0.33333335397568825
